5.359061000000000000e+09
5.359065000000000000e+09
5.359069000000000000e+09
5.359073000000000000e+09
5.359077000000000000e+09
5.359081000000000000e+09
5.359085000000000000e+09
5.359089000000000000e+09
5.359093000000000000e+09
5.359097000000000000e+09
5.359101000000000000e+09
5.359105000000000000e+09
5.359109000000000000e+09
5.359113000000000000e+09
5.359117000000000000e+09
5.359121000000000000e+09
5.359125000000000000e+09
5.359129000000000000e+09
5.359133000000000000e+09
5.359137000000000000e+09
5.359141000000000000e+09
5.359145000000000000e+09
5.359149000000000000e+09
5.359153000000000000e+09
5.359157000000000000e+09
5.359161000000000000e+09
5.359165000000000000e+09
5.359169000000000000e+09
5.359173000000000000e+09
5.359177000000000000e+09
5.359181000000000000e+09
5.359185000000000000e+09
5.359189000000000000e+09
5.359193000000000000e+09
5.359197000000000000e+09
5.359201000000000000e+09
5.359205000000000000e+09
5.359209000000000000e+09
5.359213000000000000e+09
5.359217000000000000e+09
5.359221000000000000e+09
5.359225000000000000e+09
5.359229000000000000e+09
5.359233000000000000e+09
5.359237000000000000e+09
5.359241000000000000e+09
5.359245000000000000e+09
5.359249000000000000e+09
5.359253000000000000e+09
5.359257000000000000e+09
5.359261000000000000e+09
5.359265000000000000e+09
5.359269000000000000e+09
5.359273000000000000e+09
5.359277000000000000e+09
5.359281000000000000e+09
5.359285000000000000e+09
5.359289000000000000e+09
5.359293000000000000e+09
5.359297000000000000e+09
5.359301000000000000e+09
5.359305000000000000e+09
5.359309000000000000e+09
5.359313000000000000e+09
5.359317000000000000e+09
5.359321000000000000e+09
5.359325000000000000e+09
5.359329000000000000e+09
5.359333000000000000e+09
5.359337000000000000e+09
5.359341000000000000e+09
5.359345000000000000e+09
5.359349000000000000e+09
5.359353000000000000e+09
5.359357000000000000e+09
5.359361000000000000e+09
5.359365000000000000e+09
5.359369000000000000e+09
5.359373000000000000e+09
5.359377000000000000e+09
5.359381000000000000e+09
5.359385000000000000e+09
5.359389000000000000e+09
5.359393000000000000e+09
5.359397000000000000e+09
5.359401000000000000e+09
5.359405000000000000e+09
5.359409000000000000e+09
5.359413000000000000e+09
5.359417000000000000e+09
5.359421000000000000e+09
5.359425000000000000e+09
5.359429000000000000e+09
5.359433000000000000e+09
5.359437000000000000e+09
5.359441000000000000e+09
5.359445000000000000e+09
5.359449000000000000e+09
5.359453000000000000e+09
5.359457000000000000e+09
5.359461000000000000e+09
5.359465000000000000e+09
5.359469000000000000e+09
5.359473000000000000e+09
5.359477000000000000e+09
5.359481000000000000e+09
5.359485000000000000e+09
5.359489000000000000e+09
5.359493000000000000e+09
5.359497000000000000e+09
5.359501000000000000e+09
5.359505000000000000e+09
5.359509000000000000e+09
5.359513000000000000e+09
5.359517000000000000e+09
5.359521000000000000e+09
5.359525000000000000e+09
5.359529000000000000e+09
5.359533000000000000e+09
5.359537000000000000e+09
5.359541000000000000e+09
5.359545000000000000e+09
5.359549000000000000e+09
5.359553000000000000e+09
5.359557000000000000e+09
5.359561000000000000e+09
5.359565000000000000e+09
5.359569000000000000e+09
5.359573000000000000e+09
5.359577000000000000e+09
5.359581000000000000e+09
5.359585000000000000e+09
5.359589000000000000e+09
5.359593000000000000e+09
5.359597000000000000e+09
5.359601000000000000e+09
5.359605000000000000e+09
5.359609000000000000e+09
5.359613000000000000e+09
5.359617000000000000e+09
5.359621000000000000e+09
5.359625000000000000e+09
5.359629000000000000e+09
5.359633000000000000e+09
5.359637000000000000e+09
5.359641000000000000e+09
5.359645000000000000e+09
5.359649000000000000e+09
5.359653000000000000e+09
5.359657000000000000e+09
5.359661000000000000e+09
5.359665000000000000e+09
5.359669000000000000e+09
5.359673000000000000e+09
5.359677000000000000e+09
5.359681000000000000e+09
5.359685000000000000e+09
5.359689000000000000e+09
5.359693000000000000e+09
5.359697000000000000e+09
5.359701000000000000e+09
5.359705000000000000e+09
5.359709000000000000e+09
5.359713000000000000e+09
5.359717000000000000e+09
5.359721000000000000e+09
5.359725000000000000e+09
5.359729000000000000e+09
5.359733000000000000e+09
5.359737000000000000e+09
5.359741000000000000e+09
5.359745000000000000e+09
5.359749000000000000e+09
5.359753000000000000e+09
5.359757000000000000e+09
5.359761000000000000e+09
5.359765000000000000e+09
5.359769000000000000e+09
5.359773000000000000e+09
5.359777000000000000e+09
5.359781000000000000e+09
5.359785000000000000e+09
5.359789000000000000e+09
5.359793000000000000e+09
5.359797000000000000e+09
5.359801000000000000e+09
5.359805000000000000e+09
5.359809000000000000e+09
5.359813000000000000e+09
5.359817000000000000e+09
5.359821000000000000e+09
5.359825000000000000e+09
5.359829000000000000e+09
5.359833000000000000e+09
5.359837000000000000e+09
5.359841000000000000e+09
5.359845000000000000e+09
5.359849000000000000e+09
5.359853000000000000e+09
5.359857000000000000e+09
5.359861000000000000e+09
5.359865000000000000e+09
5.359869000000000000e+09
5.359873000000000000e+09
5.359877000000000000e+09
5.359881000000000000e+09
5.359885000000000000e+09
5.359889000000000000e+09
5.359893000000000000e+09
5.359897000000000000e+09
5.359901000000000000e+09
5.359905000000000000e+09
5.359909000000000000e+09
5.359913000000000000e+09
5.359917000000000000e+09
5.359921000000000000e+09
5.359925000000000000e+09
5.359929000000000000e+09
5.359933000000000000e+09
5.359937000000000000e+09
5.359941000000000000e+09
5.359945000000000000e+09
5.359949000000000000e+09
5.359953000000000000e+09
5.359957000000000000e+09
5.359961000000000000e+09
5.359965000000000000e+09
5.359969000000000000e+09
5.359973000000000000e+09
5.359977000000000000e+09
5.359981000000000000e+09
5.359985000000000000e+09
5.359989000000000000e+09
5.359993000000000000e+09
5.359997000000000000e+09
5.360001000000000000e+09
5.360005000000000000e+09
5.360009000000000000e+09
5.360013000000000000e+09
5.360017000000000000e+09
5.360021000000000000e+09
5.360025000000000000e+09
5.360029000000000000e+09
5.360033000000000000e+09
5.360037000000000000e+09
5.360041000000000000e+09
5.360045000000000000e+09
5.360049000000000000e+09
5.360053000000000000e+09
5.360057000000000000e+09
5.360061000000000000e+09
5.360065000000000000e+09
5.360069000000000000e+09
5.360073000000000000e+09
5.360077000000000000e+09
5.360081000000000000e+09
5.360085000000000000e+09
5.360089000000000000e+09
5.360093000000000000e+09
5.360097000000000000e+09
5.360101000000000000e+09
5.360105000000000000e+09
5.360109000000000000e+09
5.360113000000000000e+09
5.360117000000000000e+09
5.360121000000000000e+09
5.360125000000000000e+09
5.360129000000000000e+09
5.360133000000000000e+09
5.360137000000000000e+09
5.360141000000000000e+09
5.360145000000000000e+09
5.360149000000000000e+09
5.360153000000000000e+09
5.360157000000000000e+09
5.360161000000000000e+09
5.360165000000000000e+09
5.360169000000000000e+09
5.360173000000000000e+09
5.360177000000000000e+09
5.360181000000000000e+09
5.360185000000000000e+09
5.360189000000000000e+09
5.360193000000000000e+09
5.360197000000000000e+09
5.360201000000000000e+09
5.360205000000000000e+09
5.360209000000000000e+09
5.360213000000000000e+09
5.360217000000000000e+09
5.360221000000000000e+09
5.360225000000000000e+09
5.360229000000000000e+09
5.360233000000000000e+09
5.360237000000000000e+09
5.360241000000000000e+09
5.360245000000000000e+09
5.360249000000000000e+09
5.360253000000000000e+09
5.360257000000000000e+09
5.360261000000000000e+09
5.360265000000000000e+09
5.360269000000000000e+09
5.360273000000000000e+09
5.360277000000000000e+09
5.360281000000000000e+09
5.360285000000000000e+09
5.360289000000000000e+09
5.360293000000000000e+09
5.360297000000000000e+09
5.360301000000000000e+09
5.360305000000000000e+09
5.360309000000000000e+09
5.360313000000000000e+09
5.360317000000000000e+09
5.360321000000000000e+09
5.360325000000000000e+09
5.360329000000000000e+09
5.360333000000000000e+09
5.360337000000000000e+09
5.360341000000000000e+09
5.360345000000000000e+09
5.360349000000000000e+09
5.360353000000000000e+09
5.360357000000000000e+09
5.360361000000000000e+09
5.360365000000000000e+09
5.360369000000000000e+09
5.360373000000000000e+09
5.360377000000000000e+09
5.360381000000000000e+09
5.360385000000000000e+09
5.360389000000000000e+09
5.360393000000000000e+09
5.360397000000000000e+09
5.360401000000000000e+09
5.360405000000000000e+09
5.360409000000000000e+09
5.360413000000000000e+09
5.360417000000000000e+09
5.360421000000000000e+09
5.360425000000000000e+09
5.360429000000000000e+09
5.360433000000000000e+09
5.360437000000000000e+09
5.360441000000000000e+09
5.360445000000000000e+09
5.360449000000000000e+09
5.360453000000000000e+09
5.360457000000000000e+09
5.360461000000000000e+09
5.360465000000000000e+09
5.360469000000000000e+09
5.360473000000000000e+09
5.360477000000000000e+09
5.360481000000000000e+09
5.360485000000000000e+09
5.360489000000000000e+09
5.360493000000000000e+09
5.360497000000000000e+09
5.360501000000000000e+09
5.360505000000000000e+09
5.360509000000000000e+09
5.360513000000000000e+09
5.360517000000000000e+09
5.360521000000000000e+09
5.360525000000000000e+09
5.360529000000000000e+09
5.360533000000000000e+09
5.360537000000000000e+09
5.360541000000000000e+09
5.360545000000000000e+09
5.360549000000000000e+09
5.360553000000000000e+09
5.360557000000000000e+09
5.360561000000000000e+09
5.360565000000000000e+09
5.360569000000000000e+09
5.360573000000000000e+09
5.360577000000000000e+09
5.360581000000000000e+09
5.360585000000000000e+09
5.360589000000000000e+09
5.360593000000000000e+09
5.360597000000000000e+09
5.360601000000000000e+09
5.360605000000000000e+09
5.360609000000000000e+09
5.360613000000000000e+09
5.360617000000000000e+09
5.360621000000000000e+09
5.360625000000000000e+09
5.360629000000000000e+09
5.360633000000000000e+09
5.360637000000000000e+09
5.360641000000000000e+09
5.360645000000000000e+09
5.360649000000000000e+09
5.360653000000000000e+09
5.360657000000000000e+09
5.360661000000000000e+09
5.360665000000000000e+09
5.360669000000000000e+09
5.360673000000000000e+09
5.360677000000000000e+09
5.360681000000000000e+09
5.360685000000000000e+09
5.360689000000000000e+09
5.360693000000000000e+09
5.360697000000000000e+09
5.360701000000000000e+09
5.360705000000000000e+09
5.360709000000000000e+09
5.360713000000000000e+09
5.360717000000000000e+09
5.360721000000000000e+09
5.360725000000000000e+09
5.360729000000000000e+09
5.360733000000000000e+09
5.360737000000000000e+09
5.360741000000000000e+09
5.360745000000000000e+09
5.360749000000000000e+09
5.360753000000000000e+09
5.360757000000000000e+09
5.360761000000000000e+09
5.360765000000000000e+09
5.360769000000000000e+09
5.360773000000000000e+09
5.360777000000000000e+09
5.360781000000000000e+09
5.360785000000000000e+09
5.360789000000000000e+09
5.360793000000000000e+09
5.360797000000000000e+09
5.360801000000000000e+09
5.360805000000000000e+09
5.360809000000000000e+09
5.360813000000000000e+09
5.360817000000000000e+09
5.360821000000000000e+09
5.360825000000000000e+09
5.360829000000000000e+09
5.360833000000000000e+09
5.360837000000000000e+09
5.360841000000000000e+09
5.360845000000000000e+09
5.360849000000000000e+09
5.360853000000000000e+09
5.360857000000000000e+09
5.360861000000000000e+09
5.360865000000000000e+09
5.360869000000000000e+09
5.360873000000000000e+09
5.360877000000000000e+09
5.360881000000000000e+09
5.360885000000000000e+09
5.360889000000000000e+09
5.360893000000000000e+09
5.360897000000000000e+09
5.360901000000000000e+09
5.360905000000000000e+09
5.360909000000000000e+09
5.360913000000000000e+09
5.360917000000000000e+09
5.360921000000000000e+09
5.360925000000000000e+09
5.360929000000000000e+09
5.360933000000000000e+09
5.360937000000000000e+09
5.360941000000000000e+09
5.360945000000000000e+09
5.360949000000000000e+09
5.360953000000000000e+09
5.360957000000000000e+09
5.360961000000000000e+09
5.360965000000000000e+09
5.360969000000000000e+09
5.360973000000000000e+09
5.360977000000000000e+09
5.360981000000000000e+09
5.360985000000000000e+09
5.360989000000000000e+09
5.360993000000000000e+09
5.360997000000000000e+09
5.361001000000000000e+09
5.361005000000000000e+09
5.361009000000000000e+09
5.361013000000000000e+09
5.361017000000000000e+09
5.361021000000000000e+09
5.361025000000000000e+09
5.361029000000000000e+09
5.361033000000000000e+09
5.361037000000000000e+09
5.361041000000000000e+09
5.361045000000000000e+09
5.361049000000000000e+09
5.361053000000000000e+09
5.361057000000000000e+09
5.361061000000000000e+09
