5.335061000000000000e+09
5.335161000000000000e+09
5.335261000000000000e+09
5.335361000000000000e+09
5.335461000000000000e+09
5.335561000000000000e+09
5.335661000000000000e+09
5.335761000000000000e+09
5.335861000000000000e+09
5.335961000000000000e+09
5.336061000000000000e+09
5.336161000000000000e+09
5.336261000000000000e+09
5.336361000000000000e+09
5.336461000000000000e+09
5.336561000000000000e+09
5.336661000000000000e+09
5.336761000000000000e+09
5.336861000000000000e+09
5.336961000000000000e+09
5.337061000000000000e+09
5.337161000000000000e+09
5.337261000000000000e+09
5.337361000000000000e+09
5.337461000000000000e+09
5.337561000000000000e+09
5.337661000000000000e+09
5.337761000000000000e+09
5.337861000000000000e+09
5.337961000000000000e+09
5.338061000000000000e+09
5.338161000000000000e+09
5.338261000000000000e+09
5.338361000000000000e+09
5.338461000000000000e+09
5.338561000000000000e+09
5.338661000000000000e+09
5.338761000000000000e+09
5.338861000000000000e+09
5.338961000000000000e+09
5.339061000000000000e+09
5.339161000000000000e+09
5.339261000000000000e+09
5.339361000000000000e+09
5.339461000000000000e+09
5.339561000000000000e+09
5.339661000000000000e+09
5.339761000000000000e+09
5.339861000000000000e+09
5.339961000000000000e+09
5.340061000000000000e+09
5.340161000000000000e+09
5.340261000000000000e+09
5.340361000000000000e+09
5.340461000000000000e+09
5.340561000000000000e+09
5.340661000000000000e+09
5.340761000000000000e+09
5.340861000000000000e+09
5.340961000000000000e+09
5.341061000000000000e+09
5.341161000000000000e+09
5.341261000000000000e+09
5.341361000000000000e+09
5.341461000000000000e+09
5.341561000000000000e+09
5.341661000000000000e+09
5.341761000000000000e+09
5.341861000000000000e+09
5.341961000000000000e+09
5.342061000000000000e+09
5.342161000000000000e+09
5.342261000000000000e+09
5.342361000000000000e+09
5.342461000000000000e+09
5.342561000000000000e+09
5.342661000000000000e+09
5.342761000000000000e+09
5.342861000000000000e+09
5.342961000000000000e+09
5.343061000000000000e+09
5.343161000000000000e+09
5.343261000000000000e+09
5.343361000000000000e+09
5.343461000000000000e+09
5.343561000000000000e+09
5.343661000000000000e+09
5.343761000000000000e+09
5.343861000000000000e+09
5.343961000000000000e+09
5.344061000000000000e+09
5.344161000000000000e+09
5.344261000000000000e+09
5.344361000000000000e+09
5.344461000000000000e+09
5.344561000000000000e+09
5.344661000000000000e+09
5.344761000000000000e+09
5.344861000000000000e+09
5.344961000000000000e+09
5.345061000000000000e+09
5.345161000000000000e+09
5.345261000000000000e+09
5.345361000000000000e+09
5.345461000000000000e+09
5.345561000000000000e+09
5.345661000000000000e+09
5.345761000000000000e+09
5.345861000000000000e+09
5.345961000000000000e+09
5.346061000000000000e+09
5.346161000000000000e+09
5.346261000000000000e+09
5.346361000000000000e+09
5.346461000000000000e+09
5.346561000000000000e+09
5.346661000000000000e+09
5.346761000000000000e+09
5.346861000000000000e+09
5.346961000000000000e+09
5.347061000000000000e+09
5.347161000000000000e+09
5.347261000000000000e+09
5.347361000000000000e+09
5.347461000000000000e+09
5.347561000000000000e+09
5.347661000000000000e+09
5.347761000000000000e+09
5.347861000000000000e+09
5.347961000000000000e+09
5.348061000000000000e+09
5.348161000000000000e+09
5.348261000000000000e+09
5.348361000000000000e+09
5.348461000000000000e+09
5.348561000000000000e+09
5.348661000000000000e+09
5.348761000000000000e+09
5.348861000000000000e+09
5.348961000000000000e+09
5.349061000000000000e+09
5.349161000000000000e+09
5.349261000000000000e+09
5.349361000000000000e+09
5.349461000000000000e+09
5.349561000000000000e+09
5.349661000000000000e+09
5.349761000000000000e+09
5.349861000000000000e+09
5.349961000000000000e+09
5.350061000000000000e+09
5.350161000000000000e+09
5.350261000000000000e+09
5.350361000000000000e+09
5.350461000000000000e+09
5.350561000000000000e+09
5.350661000000000000e+09
5.350761000000000000e+09
5.350861000000000000e+09
5.350961000000000000e+09
5.351061000000000000e+09
5.351161000000000000e+09
5.351261000000000000e+09
5.351361000000000000e+09
5.351461000000000000e+09
5.351561000000000000e+09
5.351661000000000000e+09
5.351761000000000000e+09
5.351861000000000000e+09
5.351961000000000000e+09
5.352061000000000000e+09
5.352161000000000000e+09
5.352261000000000000e+09
5.352361000000000000e+09
5.352461000000000000e+09
5.352561000000000000e+09
5.352661000000000000e+09
5.352761000000000000e+09
5.352861000000000000e+09
5.352961000000000000e+09
5.353061000000000000e+09
5.353161000000000000e+09
5.353261000000000000e+09
5.353361000000000000e+09
5.353461000000000000e+09
5.353561000000000000e+09
5.353661000000000000e+09
5.353761000000000000e+09
5.353861000000000000e+09
5.353961000000000000e+09
5.354061000000000000e+09
5.354161000000000000e+09
5.354261000000000000e+09
5.354361000000000000e+09
5.354461000000000000e+09
5.354561000000000000e+09
5.354661000000000000e+09
5.354761000000000000e+09
5.354861000000000000e+09
5.354961000000000000e+09
5.355061000000000000e+09
5.355161000000000000e+09
5.355261000000000000e+09
5.355361000000000000e+09
5.355461000000000000e+09
5.355561000000000000e+09
5.355661000000000000e+09
5.355761000000000000e+09
5.355861000000000000e+09
5.355961000000000000e+09
5.356061000000000000e+09
5.356161000000000000e+09
5.356261000000000000e+09
5.356361000000000000e+09
5.356461000000000000e+09
5.356561000000000000e+09
5.356661000000000000e+09
5.356761000000000000e+09
5.356861000000000000e+09
5.356961000000000000e+09
5.357061000000000000e+09
5.357161000000000000e+09
5.357261000000000000e+09
5.357361000000000000e+09
5.357461000000000000e+09
5.357561000000000000e+09
5.357661000000000000e+09
5.357761000000000000e+09
5.357861000000000000e+09
5.357961000000000000e+09
5.358061000000000000e+09
5.358161000000000000e+09
5.358261000000000000e+09
5.358361000000000000e+09
5.358461000000000000e+09
5.358561000000000000e+09
5.358661000000000000e+09
5.358761000000000000e+09
5.358861000000000000e+09
5.358961000000000000e+09
5.359061000000000000e+09
5.359161000000000000e+09
5.359261000000000000e+09
5.359361000000000000e+09
5.359461000000000000e+09
5.359561000000000000e+09
5.359661000000000000e+09
5.359761000000000000e+09
5.359861000000000000e+09
5.359961000000000000e+09
5.360061000000000000e+09
5.360161000000000000e+09
5.360261000000000000e+09
5.360361000000000000e+09
5.360461000000000000e+09
5.360561000000000000e+09
5.360661000000000000e+09
5.360761000000000000e+09
5.360861000000000000e+09
5.360961000000000000e+09
5.361061000000000000e+09
5.361161000000000000e+09
5.361261000000000000e+09
5.361361000000000000e+09
5.361461000000000000e+09
5.361561000000000000e+09
5.361661000000000000e+09
5.361761000000000000e+09
5.361861000000000000e+09
5.361961000000000000e+09
5.362061000000000000e+09
5.362161000000000000e+09
5.362261000000000000e+09
5.362361000000000000e+09
5.362461000000000000e+09
5.362561000000000000e+09
5.362661000000000000e+09
5.362761000000000000e+09
5.362861000000000000e+09
5.362961000000000000e+09
5.363061000000000000e+09
5.363161000000000000e+09
5.363261000000000000e+09
5.363361000000000000e+09
5.363461000000000000e+09
5.363561000000000000e+09
5.363661000000000000e+09
5.363761000000000000e+09
5.363861000000000000e+09
5.363961000000000000e+09
5.364061000000000000e+09
5.364161000000000000e+09
5.364261000000000000e+09
5.364361000000000000e+09
5.364461000000000000e+09
5.364561000000000000e+09
5.364661000000000000e+09
5.364761000000000000e+09
5.364861000000000000e+09
5.364961000000000000e+09
5.365061000000000000e+09
5.365161000000000000e+09
5.365261000000000000e+09
5.365361000000000000e+09
5.365461000000000000e+09
5.365561000000000000e+09
5.365661000000000000e+09
5.365761000000000000e+09
5.365861000000000000e+09
5.365961000000000000e+09
5.366061000000000000e+09
5.366161000000000000e+09
5.366261000000000000e+09
5.366361000000000000e+09
5.366461000000000000e+09
5.366561000000000000e+09
5.366661000000000000e+09
5.366761000000000000e+09
5.366861000000000000e+09
5.366961000000000000e+09
5.367061000000000000e+09
5.367161000000000000e+09
5.367261000000000000e+09
5.367361000000000000e+09
5.367461000000000000e+09
5.367561000000000000e+09
5.367661000000000000e+09
5.367761000000000000e+09
5.367861000000000000e+09
5.367961000000000000e+09
5.368061000000000000e+09
5.368161000000000000e+09
5.368261000000000000e+09
5.368361000000000000e+09
5.368461000000000000e+09
5.368561000000000000e+09
5.368661000000000000e+09
5.368761000000000000e+09
5.368861000000000000e+09
5.368961000000000000e+09
5.369061000000000000e+09
5.369161000000000000e+09
5.369261000000000000e+09
5.369361000000000000e+09
5.369461000000000000e+09
5.369561000000000000e+09
5.369661000000000000e+09
5.369761000000000000e+09
5.369861000000000000e+09
5.369961000000000000e+09
5.370061000000000000e+09
5.370161000000000000e+09
5.370261000000000000e+09
5.370361000000000000e+09
5.370461000000000000e+09
5.370561000000000000e+09
5.370661000000000000e+09
5.370761000000000000e+09
5.370861000000000000e+09
5.370961000000000000e+09
5.371061000000000000e+09
5.371161000000000000e+09
5.371261000000000000e+09
5.371361000000000000e+09
5.371461000000000000e+09
5.371561000000000000e+09
5.371661000000000000e+09
5.371761000000000000e+09
5.371861000000000000e+09
5.371961000000000000e+09
5.372061000000000000e+09
5.372161000000000000e+09
5.372261000000000000e+09
5.372361000000000000e+09
5.372461000000000000e+09
5.372561000000000000e+09
5.372661000000000000e+09
5.372761000000000000e+09
5.372861000000000000e+09
5.372961000000000000e+09
5.373061000000000000e+09
5.373161000000000000e+09
5.373261000000000000e+09
5.373361000000000000e+09
5.373461000000000000e+09
5.373561000000000000e+09
5.373661000000000000e+09
5.373761000000000000e+09
5.373861000000000000e+09
5.373961000000000000e+09
5.374061000000000000e+09
5.374161000000000000e+09
5.374261000000000000e+09
5.374361000000000000e+09
5.374461000000000000e+09
5.374561000000000000e+09
5.374661000000000000e+09
5.374761000000000000e+09
5.374861000000000000e+09
5.374961000000000000e+09
5.375061000000000000e+09
5.375161000000000000e+09
5.375261000000000000e+09
5.375361000000000000e+09
5.375461000000000000e+09
5.375561000000000000e+09
5.375661000000000000e+09
5.375761000000000000e+09
5.375861000000000000e+09
5.375961000000000000e+09
5.376061000000000000e+09
5.376161000000000000e+09
5.376261000000000000e+09
5.376361000000000000e+09
5.376461000000000000e+09
5.376561000000000000e+09
5.376661000000000000e+09
5.376761000000000000e+09
5.376861000000000000e+09
5.376961000000000000e+09
5.377061000000000000e+09
5.377161000000000000e+09
5.377261000000000000e+09
5.377361000000000000e+09
5.377461000000000000e+09
5.377561000000000000e+09
5.377661000000000000e+09
5.377761000000000000e+09
5.377861000000000000e+09
5.377961000000000000e+09
5.378061000000000000e+09
5.378161000000000000e+09
5.378261000000000000e+09
5.378361000000000000e+09
5.378461000000000000e+09
5.378561000000000000e+09
5.378661000000000000e+09
5.378761000000000000e+09
5.378861000000000000e+09
5.378961000000000000e+09
5.379061000000000000e+09
5.379161000000000000e+09
5.379261000000000000e+09
5.379361000000000000e+09
5.379461000000000000e+09
5.379561000000000000e+09
5.379661000000000000e+09
5.379761000000000000e+09
5.379861000000000000e+09
5.379961000000000000e+09
5.380061000000000000e+09
5.380161000000000000e+09
5.380261000000000000e+09
5.380361000000000000e+09
5.380461000000000000e+09
5.380561000000000000e+09
5.380661000000000000e+09
5.380761000000000000e+09
5.380861000000000000e+09
5.380961000000000000e+09
5.381061000000000000e+09
5.381161000000000000e+09
5.381261000000000000e+09
5.381361000000000000e+09
5.381461000000000000e+09
5.381561000000000000e+09
5.381661000000000000e+09
5.381761000000000000e+09
5.381861000000000000e+09
5.381961000000000000e+09
5.382061000000000000e+09
5.382161000000000000e+09
5.382261000000000000e+09
5.382361000000000000e+09
5.382461000000000000e+09
5.382561000000000000e+09
5.382661000000000000e+09
5.382761000000000000e+09
5.382861000000000000e+09
5.382961000000000000e+09
5.383061000000000000e+09
5.383161000000000000e+09
5.383261000000000000e+09
5.383361000000000000e+09
5.383461000000000000e+09
5.383561000000000000e+09
5.383661000000000000e+09
5.383761000000000000e+09
5.383861000000000000e+09
5.383961000000000000e+09
5.384061000000000000e+09
5.384161000000000000e+09
5.384261000000000000e+09
5.384361000000000000e+09
5.384461000000000000e+09
5.384561000000000000e+09
5.384661000000000000e+09
5.384761000000000000e+09
5.384861000000000000e+09
5.384961000000000000e+09
5.385061000000000000e+09
