5.643200000000000000e+09
5.643220000000000000e+09
5.643240000000000000e+09
5.643260000000000000e+09
5.643280000000000000e+09
5.643300000000000000e+09
5.643320000000000000e+09
5.643340000000000000e+09
5.643360000000000000e+09
5.643380000000000000e+09
5.643400000000000000e+09
5.643420000000000000e+09
5.643440000000000000e+09
5.643460000000000000e+09
5.643480000000000000e+09
5.643500000000000000e+09
5.643520000000000000e+09
5.643540000000000000e+09
5.643560000000000000e+09
5.643580000000000000e+09
5.643600000000000000e+09
5.643620000000000000e+09
5.643640000000000000e+09
5.643660000000000000e+09
5.643680000000000000e+09
5.643700000000000000e+09
5.643720000000000000e+09
5.643740000000000000e+09
5.643760000000000000e+09
5.643780000000000000e+09
5.643800000000000000e+09
5.643820000000000000e+09
5.643840000000000000e+09
5.643860000000000000e+09
5.643880000000000000e+09
5.643900000000000000e+09
5.643920000000000000e+09
5.643940000000000000e+09
5.643960000000000000e+09
5.643980000000000000e+09
5.644000000000000000e+09
5.644020000000000000e+09
5.644040000000000000e+09
5.644060000000000000e+09
5.644080000000000000e+09
5.644100000000000000e+09
5.644120000000000000e+09
5.644140000000000000e+09
5.644160000000000000e+09
5.644180000000000000e+09
5.644200000000000000e+09
5.644220000000000000e+09
5.644240000000000000e+09
5.644260000000000000e+09
5.644280000000000000e+09
5.644300000000000000e+09
5.644320000000000000e+09
5.644340000000000000e+09
5.644360000000000000e+09
5.644380000000000000e+09
5.644400000000000000e+09
5.644420000000000000e+09
5.644440000000000000e+09
5.644460000000000000e+09
5.644480000000000000e+09
5.644500000000000000e+09
5.644520000000000000e+09
5.644540000000000000e+09
5.644560000000000000e+09
5.644580000000000000e+09
5.644600000000000000e+09
5.644620000000000000e+09
5.644640000000000000e+09
5.644660000000000000e+09
5.644680000000000000e+09
5.644700000000000000e+09
5.644720000000000000e+09
5.644740000000000000e+09
5.644760000000000000e+09
5.644780000000000000e+09
5.644800000000000000e+09
5.644820000000000000e+09
5.644840000000000000e+09
5.644860000000000000e+09
5.644880000000000000e+09
5.644900000000000000e+09
5.644920000000000000e+09
5.644940000000000000e+09
5.644960000000000000e+09
5.644980000000000000e+09
5.645000000000000000e+09
5.645020000000000000e+09
5.645040000000000000e+09
5.645060000000000000e+09
5.645080000000000000e+09
5.645100000000000000e+09
5.645120000000000000e+09
5.645140000000000000e+09
5.645160000000000000e+09
5.645180000000000000e+09
5.645200000000000000e+09
5.645220000000000000e+09
5.645240000000000000e+09
5.645260000000000000e+09
5.645280000000000000e+09
5.645300000000000000e+09
5.645320000000000000e+09
5.645340000000000000e+09
5.645360000000000000e+09
5.645380000000000000e+09
5.645400000000000000e+09
5.645420000000000000e+09
5.645440000000000000e+09
5.645460000000000000e+09
5.645480000000000000e+09
5.645500000000000000e+09
5.645520000000000000e+09
5.645540000000000000e+09
5.645560000000000000e+09
5.645580000000000000e+09
5.645600000000000000e+09
5.645620000000000000e+09
5.645640000000000000e+09
5.645660000000000000e+09
5.645680000000000000e+09
5.645700000000000000e+09
5.645720000000000000e+09
5.645740000000000000e+09
5.645760000000000000e+09
5.645780000000000000e+09
5.645800000000000000e+09
5.645820000000000000e+09
5.645840000000000000e+09
5.645860000000000000e+09
5.645880000000000000e+09
5.645900000000000000e+09
5.645920000000000000e+09
5.645940000000000000e+09
5.645960000000000000e+09
5.645980000000000000e+09
5.646000000000000000e+09
5.646020000000000000e+09
5.646040000000000000e+09
5.646060000000000000e+09
5.646080000000000000e+09
5.646100000000000000e+09
5.646120000000000000e+09
5.646140000000000000e+09
5.646160000000000000e+09
5.646180000000000000e+09
5.646200000000000000e+09
5.646220000000000000e+09
5.646240000000000000e+09
5.646260000000000000e+09
5.646280000000000000e+09
5.646300000000000000e+09
5.646320000000000000e+09
5.646340000000000000e+09
5.646360000000000000e+09
5.646380000000000000e+09
5.646400000000000000e+09
5.646420000000000000e+09
5.646440000000000000e+09
5.646460000000000000e+09
5.646480000000000000e+09
5.646500000000000000e+09
5.646520000000000000e+09
5.646540000000000000e+09
5.646560000000000000e+09
5.646580000000000000e+09
5.646600000000000000e+09
5.646620000000000000e+09
5.646640000000000000e+09
5.646660000000000000e+09
5.646680000000000000e+09
5.646700000000000000e+09
5.646720000000000000e+09
5.646740000000000000e+09
5.646760000000000000e+09
5.646780000000000000e+09
5.646800000000000000e+09
5.646820000000000000e+09
5.646840000000000000e+09
5.646860000000000000e+09
5.646880000000000000e+09
5.646900000000000000e+09
5.646920000000000000e+09
5.646940000000000000e+09
5.646960000000000000e+09
5.646980000000000000e+09
5.647000000000000000e+09
5.647020000000000000e+09
5.647040000000000000e+09
5.647060000000000000e+09
5.647080000000000000e+09
5.647100000000000000e+09
5.647120000000000000e+09
5.647140000000000000e+09
5.647160000000000000e+09
5.647180000000000000e+09
5.647200000000000000e+09
5.647220000000000000e+09
5.647240000000000000e+09
5.647260000000000000e+09
5.647280000000000000e+09
5.647300000000000000e+09
5.647320000000000000e+09
5.647340000000000000e+09
5.647360000000000000e+09
5.647380000000000000e+09
5.647400000000000000e+09
5.647420000000000000e+09
5.647440000000000000e+09
5.647460000000000000e+09
5.647480000000000000e+09
5.647500000000000000e+09
5.647520000000000000e+09
5.647540000000000000e+09
5.647560000000000000e+09
5.647580000000000000e+09
5.647600000000000000e+09
5.647620000000000000e+09
5.647640000000000000e+09
5.647660000000000000e+09
5.647680000000000000e+09
5.647700000000000000e+09
5.647720000000000000e+09
5.647740000000000000e+09
5.647760000000000000e+09
5.647780000000000000e+09
5.647800000000000000e+09
5.647820000000000000e+09
5.647840000000000000e+09
5.647860000000000000e+09
5.647880000000000000e+09
5.647900000000000000e+09
5.647920000000000000e+09
5.647940000000000000e+09
5.647960000000000000e+09
5.647980000000000000e+09
5.648000000000000000e+09
5.648020000000000000e+09
5.648040000000000000e+09
5.648060000000000000e+09
5.648080000000000000e+09
5.648100000000000000e+09
5.648120000000000000e+09
5.648140000000000000e+09
5.648160000000000000e+09
5.648180000000000000e+09
5.648200000000000000e+09
