5.822150000000000000e+09
5.822190000000000000e+09
5.822230000000000000e+09
5.822270000000000000e+09
5.822310000000000000e+09
5.822350000000000000e+09
5.822390000000000000e+09
5.822430000000000000e+09
5.822470000000000000e+09
5.822510000000000000e+09
5.822550000000000000e+09
5.822590000000000000e+09
5.822630000000000000e+09
5.822670000000000000e+09
5.822710000000000000e+09
5.822750000000000000e+09
5.822790000000000000e+09
5.822830000000000000e+09
5.822870000000000000e+09
5.822910000000000000e+09
5.822950000000000000e+09
5.822990000000000000e+09
5.823030000000000000e+09
5.823070000000000000e+09
5.823110000000000000e+09
5.823150000000000000e+09
5.823190000000000000e+09
5.823230000000000000e+09
5.823270000000000000e+09
5.823310000000000000e+09
5.823350000000000000e+09
5.823390000000000000e+09
5.823430000000000000e+09
5.823470000000000000e+09
5.823510000000000000e+09
5.823550000000000000e+09
5.823590000000000000e+09
5.823630000000000000e+09
5.823670000000000000e+09
5.823710000000000000e+09
5.823750000000000000e+09
5.823790000000000000e+09
5.823830000000000000e+09
5.823870000000000000e+09
5.823910000000000000e+09
5.823950000000000000e+09
5.823990000000000000e+09
5.824030000000000000e+09
5.824070000000000000e+09
5.824110000000000000e+09
5.824150000000000000e+09
5.824190000000000000e+09
5.824230000000000000e+09
5.824270000000000000e+09
5.824310000000000000e+09
5.824350000000000000e+09
5.824390000000000000e+09
5.824430000000000000e+09
5.824470000000000000e+09
5.824510000000000000e+09
5.824550000000000000e+09
5.824590000000000000e+09
5.824630000000000000e+09
5.824670000000000000e+09
5.824710000000000000e+09
5.824750000000000000e+09
5.824790000000000000e+09
5.824830000000000000e+09
5.824870000000000000e+09
5.824910000000000000e+09
5.824950000000000000e+09
5.824990000000000000e+09
5.825030000000000000e+09
5.825070000000000000e+09
5.825110000000000000e+09
5.825150000000000000e+09
5.825190000000000000e+09
5.825230000000000000e+09
5.825270000000000000e+09
5.825310000000000000e+09
5.825350000000000000e+09
5.825390000000000000e+09
5.825430000000000000e+09
5.825470000000000000e+09
5.825510000000000000e+09
5.825550000000000000e+09
5.825590000000000000e+09
5.825630000000000000e+09
5.825670000000000000e+09
5.825710000000000000e+09
5.825750000000000000e+09
5.825790000000000000e+09
5.825830000000000000e+09
5.825870000000000000e+09
5.825910000000000000e+09
5.825950000000000000e+09
5.825990000000000000e+09
5.826030000000000000e+09
5.826070000000000000e+09
5.826110000000000000e+09
5.826150000000000000e+09
5.826190000000000000e+09
5.826230000000000000e+09
5.826270000000000000e+09
5.826310000000000000e+09
5.826350000000000000e+09
5.826390000000000000e+09
5.826430000000000000e+09
5.826470000000000000e+09
5.826510000000000000e+09
5.826550000000000000e+09
5.826590000000000000e+09
5.826630000000000000e+09
5.826670000000000000e+09
5.826710000000000000e+09
5.826750000000000000e+09
5.826790000000000000e+09
5.826830000000000000e+09
5.826870000000000000e+09
5.826910000000000000e+09
5.826950000000000000e+09
5.826990000000000000e+09
5.827030000000000000e+09
5.827070000000000000e+09
5.827110000000000000e+09
5.827150000000000000e+09
5.827190000000000000e+09
5.827230000000000000e+09
5.827270000000000000e+09
5.827310000000000000e+09
5.827350000000000000e+09
5.827390000000000000e+09
5.827430000000000000e+09
5.827470000000000000e+09
5.827510000000000000e+09
5.827550000000000000e+09
5.827590000000000000e+09
5.827630000000000000e+09
5.827670000000000000e+09
5.827710000000000000e+09
5.827750000000000000e+09
5.827790000000000000e+09
5.827830000000000000e+09
5.827870000000000000e+09
5.827910000000000000e+09
5.827950000000000000e+09
5.827990000000000000e+09
5.828030000000000000e+09
5.828070000000000000e+09
5.828110000000000000e+09
5.828150000000000000e+09
5.828190000000000000e+09
5.828230000000000000e+09
5.828270000000000000e+09
5.828310000000000000e+09
5.828350000000000000e+09
5.828390000000000000e+09
5.828430000000000000e+09
5.828470000000000000e+09
5.828510000000000000e+09
5.828550000000000000e+09
5.828590000000000000e+09
5.828630000000000000e+09
5.828670000000000000e+09
5.828710000000000000e+09
5.828750000000000000e+09
5.828790000000000000e+09
5.828830000000000000e+09
5.828870000000000000e+09
5.828910000000000000e+09
5.828950000000000000e+09
5.828990000000000000e+09
5.829030000000000000e+09
5.829070000000000000e+09
5.829110000000000000e+09
5.829150000000000000e+09
5.829190000000000000e+09
5.829230000000000000e+09
5.829270000000000000e+09
5.829310000000000000e+09
5.829350000000000000e+09
5.829390000000000000e+09
5.829430000000000000e+09
5.829470000000000000e+09
5.829510000000000000e+09
5.829550000000000000e+09
5.829590000000000000e+09
5.829630000000000000e+09
5.829670000000000000e+09
5.829710000000000000e+09
5.829750000000000000e+09
5.829790000000000000e+09
5.829830000000000000e+09
5.829870000000000000e+09
5.829910000000000000e+09
5.829950000000000000e+09
5.829990000000000000e+09
5.830030000000000000e+09
5.830070000000000000e+09
5.830110000000000000e+09
5.830150000000000000e+09
5.830190000000000000e+09
5.830230000000000000e+09
5.830270000000000000e+09
5.830310000000000000e+09
5.830350000000000000e+09
5.830390000000000000e+09
5.830430000000000000e+09
5.830470000000000000e+09
5.830510000000000000e+09
5.830550000000000000e+09
5.830590000000000000e+09
5.830630000000000000e+09
5.830670000000000000e+09
5.830710000000000000e+09
5.830750000000000000e+09
5.830790000000000000e+09
5.830830000000000000e+09
5.830870000000000000e+09
5.830910000000000000e+09
5.830950000000000000e+09
5.830990000000000000e+09
5.831030000000000000e+09
5.831070000000000000e+09
5.831110000000000000e+09
5.831150000000000000e+09
5.831190000000000000e+09
5.831230000000000000e+09
5.831270000000000000e+09
5.831310000000000000e+09
5.831350000000000000e+09
5.831390000000000000e+09
5.831430000000000000e+09
5.831470000000000000e+09
5.831510000000000000e+09
5.831550000000000000e+09
5.831590000000000000e+09
5.831630000000000000e+09
5.831670000000000000e+09
5.831710000000000000e+09
5.831750000000000000e+09
5.831790000000000000e+09
5.831830000000000000e+09
5.831870000000000000e+09
5.831910000000000000e+09
5.831950000000000000e+09
5.831990000000000000e+09
5.832030000000000000e+09
5.832070000000000000e+09
5.832110000000000000e+09
5.832150000000000000e+09
