5.640700000000000000e+09
5.640740000000000000e+09
5.640780000000000000e+09
5.640820000000000000e+09
5.640860000000000000e+09
5.640900000000000000e+09
5.640940000000000000e+09
5.640980000000000000e+09
5.641020000000000000e+09
5.641060000000000000e+09
5.641100000000000000e+09
5.641140000000000000e+09
5.641180000000000000e+09
5.641220000000000000e+09
5.641260000000000000e+09
5.641300000000000000e+09
5.641340000000000000e+09
5.641380000000000000e+09
5.641420000000000000e+09
5.641460000000000000e+09
5.641500000000000000e+09
5.641540000000000000e+09
5.641580000000000000e+09
5.641620000000000000e+09
5.641660000000000000e+09
5.641700000000000000e+09
5.641740000000000000e+09
5.641780000000000000e+09
5.641820000000000000e+09
5.641860000000000000e+09
5.641900000000000000e+09
5.641940000000000000e+09
5.641980000000000000e+09
5.642020000000000000e+09
5.642060000000000000e+09
5.642100000000000000e+09
5.642140000000000000e+09
5.642180000000000000e+09
5.642220000000000000e+09
5.642260000000000000e+09
5.642300000000000000e+09
5.642340000000000000e+09
5.642380000000000000e+09
5.642420000000000000e+09
5.642460000000000000e+09
5.642500000000000000e+09
5.642540000000000000e+09
5.642580000000000000e+09
5.642620000000000000e+09
5.642660000000000000e+09
5.642700000000000000e+09
5.642740000000000000e+09
5.642780000000000000e+09
5.642820000000000000e+09
5.642860000000000000e+09
5.642900000000000000e+09
5.642940000000000000e+09
5.642980000000000000e+09
5.643020000000000000e+09
5.643060000000000000e+09
5.643100000000000000e+09
5.643140000000000000e+09
5.643180000000000000e+09
5.643220000000000000e+09
5.643260000000000000e+09
5.643300000000000000e+09
5.643340000000000000e+09
5.643380000000000000e+09
5.643420000000000000e+09
5.643460000000000000e+09
5.643500000000000000e+09
5.643540000000000000e+09
5.643580000000000000e+09
5.643620000000000000e+09
5.643660000000000000e+09
5.643700000000000000e+09
5.643740000000000000e+09
5.643780000000000000e+09
5.643820000000000000e+09
5.643860000000000000e+09
5.643900000000000000e+09
5.643940000000000000e+09
5.643980000000000000e+09
5.644020000000000000e+09
5.644060000000000000e+09
5.644100000000000000e+09
5.644140000000000000e+09
5.644180000000000000e+09
5.644220000000000000e+09
5.644260000000000000e+09
5.644300000000000000e+09
5.644340000000000000e+09
5.644380000000000000e+09
5.644420000000000000e+09
5.644460000000000000e+09
5.644500000000000000e+09
5.644540000000000000e+09
5.644580000000000000e+09
5.644620000000000000e+09
5.644660000000000000e+09
5.644700000000000000e+09
5.644740000000000000e+09
5.644780000000000000e+09
5.644820000000000000e+09
5.644860000000000000e+09
5.644900000000000000e+09
5.644940000000000000e+09
5.644980000000000000e+09
5.645020000000000000e+09
5.645060000000000000e+09
5.645100000000000000e+09
5.645140000000000000e+09
5.645180000000000000e+09
5.645220000000000000e+09
5.645260000000000000e+09
5.645300000000000000e+09
5.645340000000000000e+09
5.645380000000000000e+09
5.645420000000000000e+09
5.645460000000000000e+09
5.645500000000000000e+09
5.645540000000000000e+09
5.645580000000000000e+09
5.645620000000000000e+09
5.645660000000000000e+09
5.645700000000000000e+09
5.645740000000000000e+09
5.645780000000000000e+09
5.645820000000000000e+09
5.645860000000000000e+09
5.645900000000000000e+09
5.645940000000000000e+09
5.645980000000000000e+09
5.646020000000000000e+09
5.646060000000000000e+09
5.646100000000000000e+09
5.646140000000000000e+09
5.646180000000000000e+09
5.646220000000000000e+09
5.646260000000000000e+09
5.646300000000000000e+09
5.646340000000000000e+09
5.646380000000000000e+09
5.646420000000000000e+09
5.646460000000000000e+09
5.646500000000000000e+09
5.646540000000000000e+09
5.646580000000000000e+09
5.646620000000000000e+09
5.646660000000000000e+09
5.646700000000000000e+09
5.646740000000000000e+09
5.646780000000000000e+09
5.646820000000000000e+09
5.646860000000000000e+09
5.646900000000000000e+09
5.646940000000000000e+09
5.646980000000000000e+09
5.647020000000000000e+09
5.647060000000000000e+09
5.647100000000000000e+09
5.647140000000000000e+09
5.647180000000000000e+09
5.647220000000000000e+09
5.647260000000000000e+09
5.647300000000000000e+09
5.647340000000000000e+09
5.647380000000000000e+09
5.647420000000000000e+09
5.647460000000000000e+09
5.647500000000000000e+09
5.647540000000000000e+09
5.647580000000000000e+09
5.647620000000000000e+09
5.647660000000000000e+09
5.647700000000000000e+09
5.647740000000000000e+09
5.647780000000000000e+09
5.647820000000000000e+09
5.647860000000000000e+09
5.647900000000000000e+09
5.647940000000000000e+09
5.647980000000000000e+09
5.648020000000000000e+09
5.648060000000000000e+09
5.648100000000000000e+09
5.648140000000000000e+09
5.648180000000000000e+09
5.648220000000000000e+09
5.648260000000000000e+09
5.648300000000000000e+09
5.648340000000000000e+09
5.648380000000000000e+09
5.648420000000000000e+09
5.648460000000000000e+09
5.648500000000000000e+09
5.648540000000000000e+09
5.648580000000000000e+09
5.648620000000000000e+09
5.648660000000000000e+09
5.648700000000000000e+09
5.648740000000000000e+09
5.648780000000000000e+09
5.648820000000000000e+09
5.648860000000000000e+09
5.648900000000000000e+09
5.648940000000000000e+09
5.648980000000000000e+09
5.649020000000000000e+09
5.649060000000000000e+09
5.649100000000000000e+09
5.649140000000000000e+09
5.649180000000000000e+09
5.649220000000000000e+09
5.649260000000000000e+09
5.649300000000000000e+09
5.649340000000000000e+09
5.649380000000000000e+09
5.649420000000000000e+09
5.649460000000000000e+09
5.649500000000000000e+09
5.649540000000000000e+09
5.649580000000000000e+09
5.649620000000000000e+09
5.649660000000000000e+09
5.649700000000000000e+09
5.649740000000000000e+09
5.649780000000000000e+09
5.649820000000000000e+09
5.649860000000000000e+09
5.649900000000000000e+09
5.649940000000000000e+09
5.649980000000000000e+09
5.650020000000000000e+09
5.650060000000000000e+09
5.650100000000000000e+09
5.650140000000000000e+09
5.650180000000000000e+09
5.650220000000000000e+09
5.650260000000000000e+09
5.650300000000000000e+09
5.650340000000000000e+09
5.650380000000000000e+09
5.650420000000000000e+09
5.650460000000000000e+09
5.650500000000000000e+09
5.650540000000000000e+09
5.650580000000000000e+09
5.650620000000000000e+09
5.650660000000000000e+09
5.650700000000000000e+09
