5.358811000000000000e+09
5.358816000000000000e+09
5.358821000000000000e+09
5.358826000000000000e+09
5.358831000000000000e+09
5.358836000000000000e+09
5.358841000000000000e+09
5.358846000000000000e+09
5.358851000000000000e+09
5.358856000000000000e+09
5.358861000000000000e+09
5.358866000000000000e+09
5.358871000000000000e+09
5.358876000000000000e+09
5.358881000000000000e+09
5.358886000000000000e+09
5.358891000000000000e+09
5.358896000000000000e+09
5.358901000000000000e+09
5.358906000000000000e+09
5.358911000000000000e+09
5.358916000000000000e+09
5.358921000000000000e+09
5.358926000000000000e+09
5.358931000000000000e+09
5.358936000000000000e+09
5.358941000000000000e+09
5.358946000000000000e+09
5.358951000000000000e+09
5.358956000000000000e+09
5.358961000000000000e+09
5.358966000000000000e+09
5.358971000000000000e+09
5.358976000000000000e+09
5.358981000000000000e+09
5.358986000000000000e+09
5.358991000000000000e+09
5.358996000000000000e+09
5.359001000000000000e+09
5.359006000000000000e+09
5.359011000000000000e+09
5.359016000000000000e+09
5.359021000000000000e+09
5.359026000000000000e+09
5.359031000000000000e+09
5.359036000000000000e+09
5.359041000000000000e+09
5.359046000000000000e+09
5.359051000000000000e+09
5.359056000000000000e+09
5.359061000000000000e+09
5.359066000000000000e+09
5.359071000000000000e+09
5.359076000000000000e+09
5.359081000000000000e+09
5.359086000000000000e+09
5.359091000000000000e+09
5.359096000000000000e+09
5.359101000000000000e+09
5.359106000000000000e+09
5.359111000000000000e+09
5.359116000000000000e+09
5.359121000000000000e+09
5.359126000000000000e+09
5.359131000000000000e+09
5.359136000000000000e+09
5.359141000000000000e+09
5.359146000000000000e+09
5.359151000000000000e+09
5.359156000000000000e+09
5.359161000000000000e+09
5.359166000000000000e+09
5.359171000000000000e+09
5.359176000000000000e+09
5.359181000000000000e+09
5.359186000000000000e+09
5.359191000000000000e+09
5.359196000000000000e+09
5.359201000000000000e+09
5.359206000000000000e+09
5.359211000000000000e+09
5.359216000000000000e+09
5.359221000000000000e+09
5.359226000000000000e+09
5.359231000000000000e+09
5.359236000000000000e+09
5.359241000000000000e+09
5.359246000000000000e+09
5.359251000000000000e+09
5.359256000000000000e+09
5.359261000000000000e+09
5.359266000000000000e+09
5.359271000000000000e+09
5.359276000000000000e+09
5.359281000000000000e+09
5.359286000000000000e+09
5.359291000000000000e+09
5.359296000000000000e+09
5.359301000000000000e+09
5.359306000000000000e+09
5.359311000000000000e+09
5.359316000000000000e+09
5.359321000000000000e+09
5.359326000000000000e+09
5.359331000000000000e+09
5.359336000000000000e+09
5.359341000000000000e+09
5.359346000000000000e+09
5.359351000000000000e+09
5.359356000000000000e+09
5.359361000000000000e+09
5.359366000000000000e+09
5.359371000000000000e+09
5.359376000000000000e+09
5.359381000000000000e+09
5.359386000000000000e+09
5.359391000000000000e+09
5.359396000000000000e+09
5.359401000000000000e+09
5.359406000000000000e+09
5.359411000000000000e+09
5.359416000000000000e+09
5.359421000000000000e+09
5.359426000000000000e+09
5.359431000000000000e+09
5.359436000000000000e+09
5.359441000000000000e+09
5.359446000000000000e+09
5.359451000000000000e+09
5.359456000000000000e+09
5.359461000000000000e+09
5.359466000000000000e+09
5.359471000000000000e+09
5.359476000000000000e+09
5.359481000000000000e+09
5.359486000000000000e+09
5.359491000000000000e+09
5.359496000000000000e+09
5.359501000000000000e+09
5.359506000000000000e+09
5.359511000000000000e+09
5.359516000000000000e+09
5.359521000000000000e+09
5.359526000000000000e+09
5.359531000000000000e+09
5.359536000000000000e+09
5.359541000000000000e+09
5.359546000000000000e+09
5.359551000000000000e+09
5.359556000000000000e+09
5.359561000000000000e+09
5.359566000000000000e+09
5.359571000000000000e+09
5.359576000000000000e+09
5.359581000000000000e+09
5.359586000000000000e+09
5.359591000000000000e+09
5.359596000000000000e+09
5.359601000000000000e+09
5.359606000000000000e+09
5.359611000000000000e+09
5.359616000000000000e+09
5.359621000000000000e+09
5.359626000000000000e+09
5.359631000000000000e+09
5.359636000000000000e+09
5.359641000000000000e+09
5.359646000000000000e+09
5.359651000000000000e+09
5.359656000000000000e+09
5.359661000000000000e+09
5.359666000000000000e+09
5.359671000000000000e+09
5.359676000000000000e+09
5.359681000000000000e+09
5.359686000000000000e+09
5.359691000000000000e+09
5.359696000000000000e+09
5.359701000000000000e+09
5.359706000000000000e+09
5.359711000000000000e+09
5.359716000000000000e+09
5.359721000000000000e+09
5.359726000000000000e+09
5.359731000000000000e+09
5.359736000000000000e+09
5.359741000000000000e+09
5.359746000000000000e+09
5.359751000000000000e+09
5.359756000000000000e+09
5.359761000000000000e+09
5.359766000000000000e+09
5.359771000000000000e+09
5.359776000000000000e+09
5.359781000000000000e+09
5.359786000000000000e+09
5.359791000000000000e+09
5.359796000000000000e+09
5.359801000000000000e+09
5.359806000000000000e+09
5.359811000000000000e+09
5.359816000000000000e+09
5.359821000000000000e+09
5.359826000000000000e+09
5.359831000000000000e+09
5.359836000000000000e+09
5.359841000000000000e+09
5.359846000000000000e+09
5.359851000000000000e+09
5.359856000000000000e+09
5.359861000000000000e+09
5.359866000000000000e+09
5.359871000000000000e+09
5.359876000000000000e+09
5.359881000000000000e+09
5.359886000000000000e+09
5.359891000000000000e+09
5.359896000000000000e+09
5.359901000000000000e+09
5.359906000000000000e+09
5.359911000000000000e+09
5.359916000000000000e+09
5.359921000000000000e+09
5.359926000000000000e+09
5.359931000000000000e+09
5.359936000000000000e+09
5.359941000000000000e+09
5.359946000000000000e+09
5.359951000000000000e+09
5.359956000000000000e+09
5.359961000000000000e+09
5.359966000000000000e+09
5.359971000000000000e+09
5.359976000000000000e+09
5.359981000000000000e+09
5.359986000000000000e+09
5.359991000000000000e+09
5.359996000000000000e+09
5.360001000000000000e+09
5.360006000000000000e+09
5.360011000000000000e+09
5.360016000000000000e+09
5.360021000000000000e+09
5.360026000000000000e+09
5.360031000000000000e+09
5.360036000000000000e+09
5.360041000000000000e+09
5.360046000000000000e+09
5.360051000000000000e+09
5.360056000000000000e+09
5.360061000000000000e+09
5.360066000000000000e+09
5.360071000000000000e+09
5.360076000000000000e+09
5.360081000000000000e+09
5.360086000000000000e+09
5.360091000000000000e+09
5.360096000000000000e+09
5.360101000000000000e+09
5.360106000000000000e+09
5.360111000000000000e+09
5.360116000000000000e+09
5.360121000000000000e+09
5.360126000000000000e+09
5.360131000000000000e+09
5.360136000000000000e+09
5.360141000000000000e+09
5.360146000000000000e+09
5.360151000000000000e+09
5.360156000000000000e+09
5.360161000000000000e+09
5.360166000000000000e+09
5.360171000000000000e+09
5.360176000000000000e+09
5.360181000000000000e+09
5.360186000000000000e+09
5.360191000000000000e+09
5.360196000000000000e+09
5.360201000000000000e+09
5.360206000000000000e+09
5.360211000000000000e+09
5.360216000000000000e+09
5.360221000000000000e+09
5.360226000000000000e+09
5.360231000000000000e+09
5.360236000000000000e+09
5.360241000000000000e+09
5.360246000000000000e+09
5.360251000000000000e+09
5.360256000000000000e+09
5.360261000000000000e+09
5.360266000000000000e+09
5.360271000000000000e+09
5.360276000000000000e+09
5.360281000000000000e+09
5.360286000000000000e+09
5.360291000000000000e+09
5.360296000000000000e+09
5.360301000000000000e+09
5.360306000000000000e+09
5.360311000000000000e+09
5.360316000000000000e+09
5.360321000000000000e+09
5.360326000000000000e+09
5.360331000000000000e+09
5.360336000000000000e+09
5.360341000000000000e+09
5.360346000000000000e+09
5.360351000000000000e+09
5.360356000000000000e+09
5.360361000000000000e+09
5.360366000000000000e+09
5.360371000000000000e+09
5.360376000000000000e+09
5.360381000000000000e+09
5.360386000000000000e+09
5.360391000000000000e+09
5.360396000000000000e+09
5.360401000000000000e+09
5.360406000000000000e+09
5.360411000000000000e+09
5.360416000000000000e+09
5.360421000000000000e+09
5.360426000000000000e+09
5.360431000000000000e+09
5.360436000000000000e+09
5.360441000000000000e+09
5.360446000000000000e+09
5.360451000000000000e+09
5.360456000000000000e+09
5.360461000000000000e+09
5.360466000000000000e+09
5.360471000000000000e+09
5.360476000000000000e+09
5.360481000000000000e+09
5.360486000000000000e+09
5.360491000000000000e+09
5.360496000000000000e+09
5.360501000000000000e+09
5.360506000000000000e+09
5.360511000000000000e+09
5.360516000000000000e+09
5.360521000000000000e+09
5.360526000000000000e+09
5.360531000000000000e+09
5.360536000000000000e+09
5.360541000000000000e+09
5.360546000000000000e+09
5.360551000000000000e+09
5.360556000000000000e+09
5.360561000000000000e+09
5.360566000000000000e+09
5.360571000000000000e+09
5.360576000000000000e+09
5.360581000000000000e+09
5.360586000000000000e+09
5.360591000000000000e+09
5.360596000000000000e+09
5.360601000000000000e+09
5.360606000000000000e+09
5.360611000000000000e+09
5.360616000000000000e+09
5.360621000000000000e+09
5.360626000000000000e+09
5.360631000000000000e+09
5.360636000000000000e+09
5.360641000000000000e+09
5.360646000000000000e+09
5.360651000000000000e+09
5.360656000000000000e+09
5.360661000000000000e+09
5.360666000000000000e+09
5.360671000000000000e+09
5.360676000000000000e+09
5.360681000000000000e+09
5.360686000000000000e+09
5.360691000000000000e+09
5.360696000000000000e+09
5.360701000000000000e+09
5.360706000000000000e+09
5.360711000000000000e+09
5.360716000000000000e+09
5.360721000000000000e+09
5.360726000000000000e+09
5.360731000000000000e+09
5.360736000000000000e+09
5.360741000000000000e+09
5.360746000000000000e+09
5.360751000000000000e+09
5.360756000000000000e+09
5.360761000000000000e+09
5.360766000000000000e+09
5.360771000000000000e+09
5.360776000000000000e+09
5.360781000000000000e+09
5.360786000000000000e+09
5.360791000000000000e+09
5.360796000000000000e+09
5.360801000000000000e+09
5.360806000000000000e+09
5.360811000000000000e+09
5.360816000000000000e+09
5.360821000000000000e+09
5.360826000000000000e+09
5.360831000000000000e+09
5.360836000000000000e+09
5.360841000000000000e+09
5.360846000000000000e+09
5.360851000000000000e+09
5.360856000000000000e+09
5.360861000000000000e+09
5.360866000000000000e+09
5.360871000000000000e+09
5.360876000000000000e+09
5.360881000000000000e+09
5.360886000000000000e+09
5.360891000000000000e+09
5.360896000000000000e+09
5.360901000000000000e+09
5.360906000000000000e+09
5.360911000000000000e+09
5.360916000000000000e+09
5.360921000000000000e+09
5.360926000000000000e+09
5.360931000000000000e+09
5.360936000000000000e+09
5.360941000000000000e+09
5.360946000000000000e+09
5.360951000000000000e+09
5.360956000000000000e+09
5.360961000000000000e+09
5.360966000000000000e+09
5.360971000000000000e+09
5.360976000000000000e+09
5.360981000000000000e+09
5.360986000000000000e+09
5.360991000000000000e+09
5.360996000000000000e+09
5.361001000000000000e+09
5.361006000000000000e+09
5.361011000000000000e+09
5.361016000000000000e+09
5.361021000000000000e+09
5.361026000000000000e+09
5.361031000000000000e+09
5.361036000000000000e+09
5.361041000000000000e+09
5.361046000000000000e+09
5.361051000000000000e+09
5.361056000000000000e+09
5.361061000000000000e+09
5.361066000000000000e+09
5.361071000000000000e+09
5.361076000000000000e+09
5.361081000000000000e+09
5.361086000000000000e+09
5.361091000000000000e+09
5.361096000000000000e+09
5.361101000000000000e+09
5.361106000000000000e+09
5.361111000000000000e+09
5.361116000000000000e+09
5.361121000000000000e+09
5.361126000000000000e+09
5.361131000000000000e+09
5.361136000000000000e+09
5.361141000000000000e+09
5.361146000000000000e+09
5.361151000000000000e+09
5.361156000000000000e+09
5.361161000000000000e+09
5.361166000000000000e+09
5.361171000000000000e+09
5.361176000000000000e+09
5.361181000000000000e+09
5.361186000000000000e+09
5.361191000000000000e+09
5.361196000000000000e+09
5.361201000000000000e+09
5.361206000000000000e+09
5.361211000000000000e+09
5.361216000000000000e+09
5.361221000000000000e+09
5.361226000000000000e+09
5.361231000000000000e+09
5.361236000000000000e+09
5.361241000000000000e+09
5.361246000000000000e+09
5.361251000000000000e+09
5.361256000000000000e+09
5.361261000000000000e+09
5.361266000000000000e+09
5.361271000000000000e+09
5.361276000000000000e+09
5.361281000000000000e+09
5.361286000000000000e+09
5.361291000000000000e+09
5.361296000000000000e+09
5.361301000000000000e+09
5.361306000000000000e+09
5.361311000000000000e+09
