5.822150000000000000e+09
5.822160000000000000e+09
5.822170000000000000e+09
5.822180000000000000e+09
5.822190000000000000e+09
5.822200000000000000e+09
5.822210000000000000e+09
5.822220000000000000e+09
5.822230000000000000e+09
5.822240000000000000e+09
5.822250000000000000e+09
5.822260000000000000e+09
5.822270000000000000e+09
5.822280000000000000e+09
5.822290000000000000e+09
5.822300000000000000e+09
5.822310000000000000e+09
5.822320000000000000e+09
5.822330000000000000e+09
5.822340000000000000e+09
5.822350000000000000e+09
5.822360000000000000e+09
5.822370000000000000e+09
5.822380000000000000e+09
5.822390000000000000e+09
5.822400000000000000e+09
5.822410000000000000e+09
5.822420000000000000e+09
5.822430000000000000e+09
5.822440000000000000e+09
5.822450000000000000e+09
5.822460000000000000e+09
5.822470000000000000e+09
5.822480000000000000e+09
5.822490000000000000e+09
5.822500000000000000e+09
5.822510000000000000e+09
5.822520000000000000e+09
5.822530000000000000e+09
5.822540000000000000e+09
5.822550000000000000e+09
5.822560000000000000e+09
5.822570000000000000e+09
5.822580000000000000e+09
5.822590000000000000e+09
5.822600000000000000e+09
5.822610000000000000e+09
5.822620000000000000e+09
5.822630000000000000e+09
5.822640000000000000e+09
5.822650000000000000e+09
5.822660000000000000e+09
5.822670000000000000e+09
5.822680000000000000e+09
5.822690000000000000e+09
5.822700000000000000e+09
5.822710000000000000e+09
5.822720000000000000e+09
5.822730000000000000e+09
5.822740000000000000e+09
5.822750000000000000e+09
5.822760000000000000e+09
5.822770000000000000e+09
5.822780000000000000e+09
5.822790000000000000e+09
5.822800000000000000e+09
5.822810000000000000e+09
5.822820000000000000e+09
5.822830000000000000e+09
5.822840000000000000e+09
5.822850000000000000e+09
5.822860000000000000e+09
5.822870000000000000e+09
5.822880000000000000e+09
5.822890000000000000e+09
5.822900000000000000e+09
5.822910000000000000e+09
5.822920000000000000e+09
5.822930000000000000e+09
5.822940000000000000e+09
5.822950000000000000e+09
5.822960000000000000e+09
5.822970000000000000e+09
5.822980000000000000e+09
5.822990000000000000e+09
5.823000000000000000e+09
5.823010000000000000e+09
5.823020000000000000e+09
5.823030000000000000e+09
5.823040000000000000e+09
5.823050000000000000e+09
5.823060000000000000e+09
5.823070000000000000e+09
5.823080000000000000e+09
5.823090000000000000e+09
5.823100000000000000e+09
5.823110000000000000e+09
5.823120000000000000e+09
5.823130000000000000e+09
5.823140000000000000e+09
5.823150000000000000e+09
5.823160000000000000e+09
5.823170000000000000e+09
5.823180000000000000e+09
5.823190000000000000e+09
5.823200000000000000e+09
5.823210000000000000e+09
5.823220000000000000e+09
5.823230000000000000e+09
5.823240000000000000e+09
5.823250000000000000e+09
5.823260000000000000e+09
5.823270000000000000e+09
5.823280000000000000e+09
5.823290000000000000e+09
5.823300000000000000e+09
5.823310000000000000e+09
5.823320000000000000e+09
5.823330000000000000e+09
5.823340000000000000e+09
5.823350000000000000e+09
5.823360000000000000e+09
5.823370000000000000e+09
5.823380000000000000e+09
5.823390000000000000e+09
5.823400000000000000e+09
5.823410000000000000e+09
5.823420000000000000e+09
5.823430000000000000e+09
5.823440000000000000e+09
5.823450000000000000e+09
5.823460000000000000e+09
5.823470000000000000e+09
5.823480000000000000e+09
5.823490000000000000e+09
5.823500000000000000e+09
5.823510000000000000e+09
5.823520000000000000e+09
5.823530000000000000e+09
5.823540000000000000e+09
5.823550000000000000e+09
5.823560000000000000e+09
5.823570000000000000e+09
5.823580000000000000e+09
5.823590000000000000e+09
5.823600000000000000e+09
5.823610000000000000e+09
5.823620000000000000e+09
5.823630000000000000e+09
5.823640000000000000e+09
5.823650000000000000e+09
5.823660000000000000e+09
5.823670000000000000e+09
5.823680000000000000e+09
5.823690000000000000e+09
5.823700000000000000e+09
5.823710000000000000e+09
5.823720000000000000e+09
5.823730000000000000e+09
5.823740000000000000e+09
5.823750000000000000e+09
5.823760000000000000e+09
5.823770000000000000e+09
5.823780000000000000e+09
5.823790000000000000e+09
5.823800000000000000e+09
5.823810000000000000e+09
5.823820000000000000e+09
5.823830000000000000e+09
5.823840000000000000e+09
5.823850000000000000e+09
5.823860000000000000e+09
5.823870000000000000e+09
5.823880000000000000e+09
5.823890000000000000e+09
5.823900000000000000e+09
5.823910000000000000e+09
5.823920000000000000e+09
5.823930000000000000e+09
5.823940000000000000e+09
5.823950000000000000e+09
5.823960000000000000e+09
5.823970000000000000e+09
5.823980000000000000e+09
5.823990000000000000e+09
5.824000000000000000e+09
5.824010000000000000e+09
5.824020000000000000e+09
5.824030000000000000e+09
5.824040000000000000e+09
5.824050000000000000e+09
5.824060000000000000e+09
5.824070000000000000e+09
5.824080000000000000e+09
5.824090000000000000e+09
5.824100000000000000e+09
5.824110000000000000e+09
5.824120000000000000e+09
5.824130000000000000e+09
5.824140000000000000e+09
5.824150000000000000e+09
5.824160000000000000e+09
5.824170000000000000e+09
5.824180000000000000e+09
5.824190000000000000e+09
5.824200000000000000e+09
5.824210000000000000e+09
5.824220000000000000e+09
5.824230000000000000e+09
5.824240000000000000e+09
5.824250000000000000e+09
5.824260000000000000e+09
5.824270000000000000e+09
5.824280000000000000e+09
5.824290000000000000e+09
5.824300000000000000e+09
5.824310000000000000e+09
5.824320000000000000e+09
5.824330000000000000e+09
5.824340000000000000e+09
5.824350000000000000e+09
5.824360000000000000e+09
5.824370000000000000e+09
5.824380000000000000e+09
5.824390000000000000e+09
5.824400000000000000e+09
5.824410000000000000e+09
5.824420000000000000e+09
5.824430000000000000e+09
5.824440000000000000e+09
5.824450000000000000e+09
5.824460000000000000e+09
5.824470000000000000e+09
5.824480000000000000e+09
5.824490000000000000e+09
5.824500000000000000e+09
5.824510000000000000e+09
5.824520000000000000e+09
5.824530000000000000e+09
5.824540000000000000e+09
5.824550000000000000e+09
5.824560000000000000e+09
5.824570000000000000e+09
5.824580000000000000e+09
5.824590000000000000e+09
5.824600000000000000e+09
5.824610000000000000e+09
5.824620000000000000e+09
5.824630000000000000e+09
5.824640000000000000e+09
5.824650000000000000e+09
5.824660000000000000e+09
5.824670000000000000e+09
5.824680000000000000e+09
5.824690000000000000e+09
5.824700000000000000e+09
5.824710000000000000e+09
5.824720000000000000e+09
5.824730000000000000e+09
5.824740000000000000e+09
5.824750000000000000e+09
5.824760000000000000e+09
5.824770000000000000e+09
5.824780000000000000e+09
5.824790000000000000e+09
5.824800000000000000e+09
5.824810000000000000e+09
5.824820000000000000e+09
5.824830000000000000e+09
5.824840000000000000e+09
5.824850000000000000e+09
5.824860000000000000e+09
5.824870000000000000e+09
5.824880000000000000e+09
5.824890000000000000e+09
5.824900000000000000e+09
5.824910000000000000e+09
5.824920000000000000e+09
5.824930000000000000e+09
5.824940000000000000e+09
5.824950000000000000e+09
5.824960000000000000e+09
5.824970000000000000e+09
5.824980000000000000e+09
5.824990000000000000e+09
5.825000000000000000e+09
5.825010000000000000e+09
5.825020000000000000e+09
5.825030000000000000e+09
5.825040000000000000e+09
5.825050000000000000e+09
5.825060000000000000e+09
5.825070000000000000e+09
5.825080000000000000e+09
5.825090000000000000e+09
5.825100000000000000e+09
5.825110000000000000e+09
5.825120000000000000e+09
5.825130000000000000e+09
5.825140000000000000e+09
5.825150000000000000e+09
5.825160000000000000e+09
5.825170000000000000e+09
5.825180000000000000e+09
5.825190000000000000e+09
5.825200000000000000e+09
5.825210000000000000e+09
5.825220000000000000e+09
5.825230000000000000e+09
5.825240000000000000e+09
5.825250000000000000e+09
5.825260000000000000e+09
5.825270000000000000e+09
5.825280000000000000e+09
5.825290000000000000e+09
5.825300000000000000e+09
5.825310000000000000e+09
5.825320000000000000e+09
5.825330000000000000e+09
5.825340000000000000e+09
5.825350000000000000e+09
5.825360000000000000e+09
5.825370000000000000e+09
5.825380000000000000e+09
5.825390000000000000e+09
5.825400000000000000e+09
5.825410000000000000e+09
5.825420000000000000e+09
5.825430000000000000e+09
5.825440000000000000e+09
5.825450000000000000e+09
5.825460000000000000e+09
5.825470000000000000e+09
5.825480000000000000e+09
5.825490000000000000e+09
5.825500000000000000e+09
5.825510000000000000e+09
5.825520000000000000e+09
5.825530000000000000e+09
5.825540000000000000e+09
5.825550000000000000e+09
5.825560000000000000e+09
5.825570000000000000e+09
5.825580000000000000e+09
5.825590000000000000e+09
5.825600000000000000e+09
5.825610000000000000e+09
5.825620000000000000e+09
5.825630000000000000e+09
5.825640000000000000e+09
5.825650000000000000e+09
5.825660000000000000e+09
5.825670000000000000e+09
5.825680000000000000e+09
5.825690000000000000e+09
5.825700000000000000e+09
5.825710000000000000e+09
5.825720000000000000e+09
5.825730000000000000e+09
5.825740000000000000e+09
5.825750000000000000e+09
5.825760000000000000e+09
5.825770000000000000e+09
5.825780000000000000e+09
5.825790000000000000e+09
5.825800000000000000e+09
5.825810000000000000e+09
5.825820000000000000e+09
5.825830000000000000e+09
5.825840000000000000e+09
5.825850000000000000e+09
5.825860000000000000e+09
5.825870000000000000e+09
5.825880000000000000e+09
5.825890000000000000e+09
5.825900000000000000e+09
5.825910000000000000e+09
5.825920000000000000e+09
5.825930000000000000e+09
5.825940000000000000e+09
5.825950000000000000e+09
5.825960000000000000e+09
5.825970000000000000e+09
5.825980000000000000e+09
5.825990000000000000e+09
5.826000000000000000e+09
5.826010000000000000e+09
5.826020000000000000e+09
5.826030000000000000e+09
5.826040000000000000e+09
5.826050000000000000e+09
5.826060000000000000e+09
5.826070000000000000e+09
5.826080000000000000e+09
5.826090000000000000e+09
5.826100000000000000e+09
5.826110000000000000e+09
5.826120000000000000e+09
5.826130000000000000e+09
5.826140000000000000e+09
5.826150000000000000e+09
5.826160000000000000e+09
5.826170000000000000e+09
5.826180000000000000e+09
5.826190000000000000e+09
5.826200000000000000e+09
5.826210000000000000e+09
5.826220000000000000e+09
5.826230000000000000e+09
5.826240000000000000e+09
5.826250000000000000e+09
5.826260000000000000e+09
5.826270000000000000e+09
5.826280000000000000e+09
5.826290000000000000e+09
5.826300000000000000e+09
5.826310000000000000e+09
5.826320000000000000e+09
5.826330000000000000e+09
5.826340000000000000e+09
5.826350000000000000e+09
5.826360000000000000e+09
5.826370000000000000e+09
5.826380000000000000e+09
5.826390000000000000e+09
5.826400000000000000e+09
5.826410000000000000e+09
5.826420000000000000e+09
5.826430000000000000e+09
5.826440000000000000e+09
5.826450000000000000e+09
5.826460000000000000e+09
5.826470000000000000e+09
5.826480000000000000e+09
5.826490000000000000e+09
5.826500000000000000e+09
5.826510000000000000e+09
5.826520000000000000e+09
5.826530000000000000e+09
5.826540000000000000e+09
5.826550000000000000e+09
5.826560000000000000e+09
5.826570000000000000e+09
5.826580000000000000e+09
5.826590000000000000e+09
5.826600000000000000e+09
5.826610000000000000e+09
5.826620000000000000e+09
5.826630000000000000e+09
5.826640000000000000e+09
5.826650000000000000e+09
5.826660000000000000e+09
5.826670000000000000e+09
5.826680000000000000e+09
5.826690000000000000e+09
5.826700000000000000e+09
5.826710000000000000e+09
5.826720000000000000e+09
5.826730000000000000e+09
5.826740000000000000e+09
5.826750000000000000e+09
5.826760000000000000e+09
5.826770000000000000e+09
5.826780000000000000e+09
5.826790000000000000e+09
5.826800000000000000e+09
5.826810000000000000e+09
5.826820000000000000e+09
5.826830000000000000e+09
5.826840000000000000e+09
5.826850000000000000e+09
5.826860000000000000e+09
5.826870000000000000e+09
5.826880000000000000e+09
5.826890000000000000e+09
5.826900000000000000e+09
5.826910000000000000e+09
5.826920000000000000e+09
5.826930000000000000e+09
5.826940000000000000e+09
5.826950000000000000e+09
5.826960000000000000e+09
5.826970000000000000e+09
5.826980000000000000e+09
5.826990000000000000e+09
5.827000000000000000e+09
5.827010000000000000e+09
5.827020000000000000e+09
5.827030000000000000e+09
5.827040000000000000e+09
5.827050000000000000e+09
5.827060000000000000e+09
5.827070000000000000e+09
5.827080000000000000e+09
5.827090000000000000e+09
5.827100000000000000e+09
5.827110000000000000e+09
5.827120000000000000e+09
5.827130000000000000e+09
5.827140000000000000e+09
5.827150000000000000e+09
5.827160000000000000e+09
5.827170000000000000e+09
5.827180000000000000e+09
5.827190000000000000e+09
5.827200000000000000e+09
5.827210000000000000e+09
5.827220000000000000e+09
5.827230000000000000e+09
5.827240000000000000e+09
5.827250000000000000e+09
5.827260000000000000e+09
5.827270000000000000e+09
5.827280000000000000e+09
5.827290000000000000e+09
5.827300000000000000e+09
5.827310000000000000e+09
5.827320000000000000e+09
5.827330000000000000e+09
5.827340000000000000e+09
5.827350000000000000e+09
5.827360000000000000e+09
5.827370000000000000e+09
5.827380000000000000e+09
5.827390000000000000e+09
5.827400000000000000e+09
5.827410000000000000e+09
5.827420000000000000e+09
5.827430000000000000e+09
5.827440000000000000e+09
5.827450000000000000e+09
5.827460000000000000e+09
5.827470000000000000e+09
5.827480000000000000e+09
5.827490000000000000e+09
5.827500000000000000e+09
5.827510000000000000e+09
5.827520000000000000e+09
5.827530000000000000e+09
5.827540000000000000e+09
5.827550000000000000e+09
5.827560000000000000e+09
5.827570000000000000e+09
5.827580000000000000e+09
5.827590000000000000e+09
5.827600000000000000e+09
5.827610000000000000e+09
5.827620000000000000e+09
5.827630000000000000e+09
5.827640000000000000e+09
5.827650000000000000e+09
5.827660000000000000e+09
5.827670000000000000e+09
5.827680000000000000e+09
5.827690000000000000e+09
5.827700000000000000e+09
5.827710000000000000e+09
5.827720000000000000e+09
5.827730000000000000e+09
5.827740000000000000e+09
5.827750000000000000e+09
5.827760000000000000e+09
5.827770000000000000e+09
5.827780000000000000e+09
5.827790000000000000e+09
5.827800000000000000e+09
5.827810000000000000e+09
5.827820000000000000e+09
5.827830000000000000e+09
5.827840000000000000e+09
5.827850000000000000e+09
5.827860000000000000e+09
5.827870000000000000e+09
5.827880000000000000e+09
5.827890000000000000e+09
5.827900000000000000e+09
5.827910000000000000e+09
5.827920000000000000e+09
5.827930000000000000e+09
5.827940000000000000e+09
5.827950000000000000e+09
5.827960000000000000e+09
5.827970000000000000e+09
5.827980000000000000e+09
5.827990000000000000e+09
5.828000000000000000e+09
5.828010000000000000e+09
5.828020000000000000e+09
5.828030000000000000e+09
5.828040000000000000e+09
5.828050000000000000e+09
5.828060000000000000e+09
5.828070000000000000e+09
5.828080000000000000e+09
5.828090000000000000e+09
5.828100000000000000e+09
5.828110000000000000e+09
5.828120000000000000e+09
5.828130000000000000e+09
5.828140000000000000e+09
5.828150000000000000e+09
5.828160000000000000e+09
5.828170000000000000e+09
5.828180000000000000e+09
5.828190000000000000e+09
5.828200000000000000e+09
5.828210000000000000e+09
5.828220000000000000e+09
5.828230000000000000e+09
5.828240000000000000e+09
5.828250000000000000e+09
5.828260000000000000e+09
5.828270000000000000e+09
5.828280000000000000e+09
5.828290000000000000e+09
5.828300000000000000e+09
5.828310000000000000e+09
5.828320000000000000e+09
5.828330000000000000e+09
5.828340000000000000e+09
5.828350000000000000e+09
5.828360000000000000e+09
5.828370000000000000e+09
5.828380000000000000e+09
5.828390000000000000e+09
5.828400000000000000e+09
5.828410000000000000e+09
5.828420000000000000e+09
5.828430000000000000e+09
5.828440000000000000e+09
5.828450000000000000e+09
5.828460000000000000e+09
5.828470000000000000e+09
5.828480000000000000e+09
5.828490000000000000e+09
5.828500000000000000e+09
5.828510000000000000e+09
5.828520000000000000e+09
5.828530000000000000e+09
5.828540000000000000e+09
5.828550000000000000e+09
5.828560000000000000e+09
5.828570000000000000e+09
5.828580000000000000e+09
5.828590000000000000e+09
5.828600000000000000e+09
5.828610000000000000e+09
5.828620000000000000e+09
5.828630000000000000e+09
5.828640000000000000e+09
5.828650000000000000e+09
5.828660000000000000e+09
5.828670000000000000e+09
5.828680000000000000e+09
5.828690000000000000e+09
5.828700000000000000e+09
5.828710000000000000e+09
5.828720000000000000e+09
5.828730000000000000e+09
5.828740000000000000e+09
5.828750000000000000e+09
5.828760000000000000e+09
5.828770000000000000e+09
5.828780000000000000e+09
5.828790000000000000e+09
5.828800000000000000e+09
5.828810000000000000e+09
5.828820000000000000e+09
5.828830000000000000e+09
5.828840000000000000e+09
5.828850000000000000e+09
5.828860000000000000e+09
5.828870000000000000e+09
5.828880000000000000e+09
5.828890000000000000e+09
5.828900000000000000e+09
5.828910000000000000e+09
5.828920000000000000e+09
5.828930000000000000e+09
5.828940000000000000e+09
5.828950000000000000e+09
5.828960000000000000e+09
5.828970000000000000e+09
5.828980000000000000e+09
5.828990000000000000e+09
5.829000000000000000e+09
5.829010000000000000e+09
5.829020000000000000e+09
5.829030000000000000e+09
5.829040000000000000e+09
5.829050000000000000e+09
5.829060000000000000e+09
5.829070000000000000e+09
5.829080000000000000e+09
5.829090000000000000e+09
5.829100000000000000e+09
5.829110000000000000e+09
5.829120000000000000e+09
5.829130000000000000e+09
5.829140000000000000e+09
5.829150000000000000e+09
5.829160000000000000e+09
5.829170000000000000e+09
5.829180000000000000e+09
5.829190000000000000e+09
5.829200000000000000e+09
5.829210000000000000e+09
5.829220000000000000e+09
5.829230000000000000e+09
5.829240000000000000e+09
5.829250000000000000e+09
5.829260000000000000e+09
5.829270000000000000e+09
5.829280000000000000e+09
5.829290000000000000e+09
5.829300000000000000e+09
5.829310000000000000e+09
5.829320000000000000e+09
5.829330000000000000e+09
5.829340000000000000e+09
5.829350000000000000e+09
5.829360000000000000e+09
5.829370000000000000e+09
5.829380000000000000e+09
5.829390000000000000e+09
5.829400000000000000e+09
5.829410000000000000e+09
5.829420000000000000e+09
5.829430000000000000e+09
5.829440000000000000e+09
5.829450000000000000e+09
5.829460000000000000e+09
5.829470000000000000e+09
5.829480000000000000e+09
5.829490000000000000e+09
5.829500000000000000e+09
5.829510000000000000e+09
5.829520000000000000e+09
5.829530000000000000e+09
5.829540000000000000e+09
5.829550000000000000e+09
5.829560000000000000e+09
5.829570000000000000e+09
5.829580000000000000e+09
5.829590000000000000e+09
5.829600000000000000e+09
5.829610000000000000e+09
5.829620000000000000e+09
5.829630000000000000e+09
5.829640000000000000e+09
5.829650000000000000e+09
5.829660000000000000e+09
5.829670000000000000e+09
5.829680000000000000e+09
5.829690000000000000e+09
5.829700000000000000e+09
5.829710000000000000e+09
5.829720000000000000e+09
5.829730000000000000e+09
5.829740000000000000e+09
5.829750000000000000e+09
5.829760000000000000e+09
5.829770000000000000e+09
5.829780000000000000e+09
5.829790000000000000e+09
5.829800000000000000e+09
5.829810000000000000e+09
5.829820000000000000e+09
5.829830000000000000e+09
5.829840000000000000e+09
5.829850000000000000e+09
5.829860000000000000e+09
5.829870000000000000e+09
5.829880000000000000e+09
5.829890000000000000e+09
5.829900000000000000e+09
5.829910000000000000e+09
5.829920000000000000e+09
5.829930000000000000e+09
5.829940000000000000e+09
5.829950000000000000e+09
5.829960000000000000e+09
5.829970000000000000e+09
5.829980000000000000e+09
5.829990000000000000e+09
5.830000000000000000e+09
5.830010000000000000e+09
5.830020000000000000e+09
5.830030000000000000e+09
5.830040000000000000e+09
5.830050000000000000e+09
5.830060000000000000e+09
5.830070000000000000e+09
5.830080000000000000e+09
5.830090000000000000e+09
5.830100000000000000e+09
5.830110000000000000e+09
5.830120000000000000e+09
5.830130000000000000e+09
5.830140000000000000e+09
5.830150000000000000e+09
5.830160000000000000e+09
5.830170000000000000e+09
5.830180000000000000e+09
5.830190000000000000e+09
5.830200000000000000e+09
5.830210000000000000e+09
5.830220000000000000e+09
5.830230000000000000e+09
5.830240000000000000e+09
5.830250000000000000e+09
5.830260000000000000e+09
5.830270000000000000e+09
5.830280000000000000e+09
5.830290000000000000e+09
5.830300000000000000e+09
5.830310000000000000e+09
5.830320000000000000e+09
5.830330000000000000e+09
5.830340000000000000e+09
5.830350000000000000e+09
5.830360000000000000e+09
5.830370000000000000e+09
5.830380000000000000e+09
5.830390000000000000e+09
5.830400000000000000e+09
5.830410000000000000e+09
5.830420000000000000e+09
5.830430000000000000e+09
5.830440000000000000e+09
5.830450000000000000e+09
5.830460000000000000e+09
5.830470000000000000e+09
5.830480000000000000e+09
5.830490000000000000e+09
5.830500000000000000e+09
5.830510000000000000e+09
5.830520000000000000e+09
5.830530000000000000e+09
5.830540000000000000e+09
5.830550000000000000e+09
5.830560000000000000e+09
5.830570000000000000e+09
5.830580000000000000e+09
5.830590000000000000e+09
5.830600000000000000e+09
5.830610000000000000e+09
5.830620000000000000e+09
5.830630000000000000e+09
5.830640000000000000e+09
5.830650000000000000e+09
5.830660000000000000e+09
5.830670000000000000e+09
5.830680000000000000e+09
5.830690000000000000e+09
5.830700000000000000e+09
5.830710000000000000e+09
5.830720000000000000e+09
5.830730000000000000e+09
5.830740000000000000e+09
5.830750000000000000e+09
5.830760000000000000e+09
5.830770000000000000e+09
5.830780000000000000e+09
5.830790000000000000e+09
5.830800000000000000e+09
5.830810000000000000e+09
5.830820000000000000e+09
5.830830000000000000e+09
5.830840000000000000e+09
5.830850000000000000e+09
5.830860000000000000e+09
5.830870000000000000e+09
5.830880000000000000e+09
5.830890000000000000e+09
5.830900000000000000e+09
5.830910000000000000e+09
5.830920000000000000e+09
5.830930000000000000e+09
5.830940000000000000e+09
5.830950000000000000e+09
5.830960000000000000e+09
5.830970000000000000e+09
5.830980000000000000e+09
5.830990000000000000e+09
5.831000000000000000e+09
5.831010000000000000e+09
5.831020000000000000e+09
5.831030000000000000e+09
5.831040000000000000e+09
5.831050000000000000e+09
5.831060000000000000e+09
5.831070000000000000e+09
5.831080000000000000e+09
5.831090000000000000e+09
5.831100000000000000e+09
5.831110000000000000e+09
5.831120000000000000e+09
5.831130000000000000e+09
5.831140000000000000e+09
5.831150000000000000e+09
5.831160000000000000e+09
5.831170000000000000e+09
5.831180000000000000e+09
5.831190000000000000e+09
5.831200000000000000e+09
5.831210000000000000e+09
5.831220000000000000e+09
5.831230000000000000e+09
5.831240000000000000e+09
5.831250000000000000e+09
5.831260000000000000e+09
5.831270000000000000e+09
5.831280000000000000e+09
5.831290000000000000e+09
5.831300000000000000e+09
5.831310000000000000e+09
5.831320000000000000e+09
5.831330000000000000e+09
5.831340000000000000e+09
5.831350000000000000e+09
5.831360000000000000e+09
5.831370000000000000e+09
5.831380000000000000e+09
5.831390000000000000e+09
5.831400000000000000e+09
5.831410000000000000e+09
5.831420000000000000e+09
5.831430000000000000e+09
5.831440000000000000e+09
5.831450000000000000e+09
5.831460000000000000e+09
5.831470000000000000e+09
5.831480000000000000e+09
5.831490000000000000e+09
5.831500000000000000e+09
5.831510000000000000e+09
5.831520000000000000e+09
5.831530000000000000e+09
5.831540000000000000e+09
5.831550000000000000e+09
5.831560000000000000e+09
5.831570000000000000e+09
5.831580000000000000e+09
5.831590000000000000e+09
5.831600000000000000e+09
5.831610000000000000e+09
5.831620000000000000e+09
5.831630000000000000e+09
5.831640000000000000e+09
5.831650000000000000e+09
5.831660000000000000e+09
5.831670000000000000e+09
5.831680000000000000e+09
5.831690000000000000e+09
5.831700000000000000e+09
5.831710000000000000e+09
5.831720000000000000e+09
5.831730000000000000e+09
5.831740000000000000e+09
5.831750000000000000e+09
5.831760000000000000e+09
5.831770000000000000e+09
5.831780000000000000e+09
5.831790000000000000e+09
5.831800000000000000e+09
5.831810000000000000e+09
5.831820000000000000e+09
5.831830000000000000e+09
5.831840000000000000e+09
5.831850000000000000e+09
5.831860000000000000e+09
5.831870000000000000e+09
5.831880000000000000e+09
5.831890000000000000e+09
5.831900000000000000e+09
5.831910000000000000e+09
5.831920000000000000e+09
5.831930000000000000e+09
5.831940000000000000e+09
5.831950000000000000e+09
5.831960000000000000e+09
5.831970000000000000e+09
5.831980000000000000e+09
5.831990000000000000e+09
5.832000000000000000e+09
5.832010000000000000e+09
5.832020000000000000e+09
5.832030000000000000e+09
5.832040000000000000e+09
5.832050000000000000e+09
5.832060000000000000e+09
5.832070000000000000e+09
5.832080000000000000e+09
5.832090000000000000e+09
5.832100000000000000e+09
5.832110000000000000e+09
5.832120000000000000e+09
5.832130000000000000e+09
5.832140000000000000e+09
5.832150000000000000e+09
