5.824710000000000000e+09
5.824720000000000000e+09
5.824730000000000000e+09
5.824740000000000000e+09
5.824750000000000000e+09
5.824760000000000000e+09
5.824770000000000000e+09
5.824780000000000000e+09
5.824790000000000000e+09
5.824800000000000000e+09
5.824810000000000000e+09
5.824820000000000000e+09
5.824830000000000000e+09
5.824840000000000000e+09
5.824850000000000000e+09
5.824860000000000000e+09
5.824870000000000000e+09
5.824880000000000000e+09
5.824890000000000000e+09
5.824900000000000000e+09
5.824910000000000000e+09
5.824920000000000000e+09
5.824930000000000000e+09
5.824940000000000000e+09
5.824950000000000000e+09
5.824960000000000000e+09
5.824970000000000000e+09
5.824980000000000000e+09
5.824990000000000000e+09
5.825000000000000000e+09
5.825010000000000000e+09
5.825020000000000000e+09
5.825030000000000000e+09
5.825040000000000000e+09
5.825050000000000000e+09
5.825060000000000000e+09
5.825070000000000000e+09
5.825080000000000000e+09
5.825090000000000000e+09
5.825100000000000000e+09
5.825110000000000000e+09
5.825120000000000000e+09
5.825130000000000000e+09
5.825140000000000000e+09
5.825150000000000000e+09
5.825160000000000000e+09
5.825170000000000000e+09
5.825180000000000000e+09
5.825190000000000000e+09
5.825200000000000000e+09
5.825210000000000000e+09
5.825220000000000000e+09
5.825230000000000000e+09
5.825240000000000000e+09
5.825250000000000000e+09
5.825260000000000000e+09
5.825270000000000000e+09
5.825280000000000000e+09
5.825290000000000000e+09
5.825300000000000000e+09
5.825310000000000000e+09
5.825320000000000000e+09
5.825330000000000000e+09
5.825340000000000000e+09
5.825350000000000000e+09
5.825360000000000000e+09
5.825370000000000000e+09
5.825380000000000000e+09
5.825390000000000000e+09
5.825400000000000000e+09
5.825410000000000000e+09
5.825420000000000000e+09
5.825430000000000000e+09
5.825440000000000000e+09
5.825450000000000000e+09
5.825460000000000000e+09
5.825470000000000000e+09
5.825480000000000000e+09
5.825490000000000000e+09
5.825500000000000000e+09
5.825510000000000000e+09
5.825520000000000000e+09
5.825530000000000000e+09
5.825540000000000000e+09
5.825550000000000000e+09
5.825560000000000000e+09
5.825570000000000000e+09
5.825580000000000000e+09
5.825590000000000000e+09
5.825600000000000000e+09
5.825610000000000000e+09
5.825620000000000000e+09
5.825630000000000000e+09
5.825640000000000000e+09
5.825650000000000000e+09
5.825660000000000000e+09
5.825670000000000000e+09
5.825680000000000000e+09
5.825690000000000000e+09
5.825700000000000000e+09
5.825710000000000000e+09
5.825720000000000000e+09
5.825730000000000000e+09
5.825740000000000000e+09
5.825750000000000000e+09
5.825760000000000000e+09
5.825770000000000000e+09
5.825780000000000000e+09
5.825790000000000000e+09
5.825800000000000000e+09
5.825810000000000000e+09
5.825820000000000000e+09
5.825830000000000000e+09
5.825840000000000000e+09
5.825850000000000000e+09
5.825860000000000000e+09
5.825870000000000000e+09
5.825880000000000000e+09
5.825890000000000000e+09
5.825900000000000000e+09
5.825910000000000000e+09
5.825920000000000000e+09
5.825930000000000000e+09
5.825940000000000000e+09
5.825950000000000000e+09
5.825960000000000000e+09
5.825970000000000000e+09
5.825980000000000000e+09
5.825990000000000000e+09
5.826000000000000000e+09
5.826010000000000000e+09
5.826020000000000000e+09
5.826030000000000000e+09
5.826040000000000000e+09
5.826050000000000000e+09
5.826060000000000000e+09
5.826070000000000000e+09
5.826080000000000000e+09
5.826090000000000000e+09
5.826100000000000000e+09
5.826110000000000000e+09
5.826120000000000000e+09
5.826130000000000000e+09
5.826140000000000000e+09
5.826150000000000000e+09
5.826160000000000000e+09
5.826170000000000000e+09
5.826180000000000000e+09
5.826190000000000000e+09
5.826200000000000000e+09
5.826210000000000000e+09
5.826220000000000000e+09
5.826230000000000000e+09
5.826240000000000000e+09
5.826250000000000000e+09
5.826260000000000000e+09
5.826270000000000000e+09
5.826280000000000000e+09
5.826290000000000000e+09
5.826300000000000000e+09
5.826310000000000000e+09
5.826320000000000000e+09
5.826330000000000000e+09
5.826340000000000000e+09
5.826350000000000000e+09
5.826360000000000000e+09
5.826370000000000000e+09
5.826380000000000000e+09
5.826390000000000000e+09
5.826400000000000000e+09
5.826410000000000000e+09
5.826420000000000000e+09
5.826430000000000000e+09
5.826440000000000000e+09
5.826450000000000000e+09
5.826460000000000000e+09
5.826470000000000000e+09
5.826480000000000000e+09
5.826490000000000000e+09
5.826500000000000000e+09
5.826510000000000000e+09
5.826520000000000000e+09
5.826530000000000000e+09
5.826540000000000000e+09
5.826550000000000000e+09
5.826560000000000000e+09
5.826570000000000000e+09
5.826580000000000000e+09
5.826590000000000000e+09
5.826600000000000000e+09
5.826610000000000000e+09
5.826620000000000000e+09
5.826630000000000000e+09
5.826640000000000000e+09
5.826650000000000000e+09
5.826660000000000000e+09
5.826670000000000000e+09
5.826680000000000000e+09
5.826690000000000000e+09
5.826700000000000000e+09
5.826710000000000000e+09
5.826720000000000000e+09
5.826730000000000000e+09
5.826740000000000000e+09
5.826750000000000000e+09
5.826760000000000000e+09
5.826770000000000000e+09
5.826780000000000000e+09
5.826790000000000000e+09
5.826800000000000000e+09
5.826810000000000000e+09
5.826820000000000000e+09
5.826830000000000000e+09
5.826840000000000000e+09
5.826850000000000000e+09
5.826860000000000000e+09
5.826870000000000000e+09
5.826880000000000000e+09
5.826890000000000000e+09
5.826900000000000000e+09
5.826910000000000000e+09
5.826920000000000000e+09
5.826930000000000000e+09
5.826940000000000000e+09
5.826950000000000000e+09
5.826960000000000000e+09
5.826970000000000000e+09
5.826980000000000000e+09
5.826990000000000000e+09
5.827000000000000000e+09
5.827010000000000000e+09
5.827020000000000000e+09
5.827030000000000000e+09
5.827040000000000000e+09
5.827050000000000000e+09
5.827060000000000000e+09
5.827070000000000000e+09
5.827080000000000000e+09
5.827090000000000000e+09
5.827100000000000000e+09
5.827110000000000000e+09
5.827120000000000000e+09
5.827130000000000000e+09
5.827140000000000000e+09
5.827150000000000000e+09
5.827160000000000000e+09
5.827170000000000000e+09
5.827180000000000000e+09
5.827190000000000000e+09
5.827200000000000000e+09
5.827210000000000000e+09
5.827220000000000000e+09
5.827230000000000000e+09
5.827240000000000000e+09
5.827250000000000000e+09
5.827260000000000000e+09
5.827270000000000000e+09
5.827280000000000000e+09
5.827290000000000000e+09
5.827300000000000000e+09
5.827310000000000000e+09
5.827320000000000000e+09
5.827330000000000000e+09
5.827340000000000000e+09
5.827350000000000000e+09
5.827360000000000000e+09
5.827370000000000000e+09
5.827380000000000000e+09
5.827390000000000000e+09
5.827400000000000000e+09
5.827410000000000000e+09
5.827420000000000000e+09
5.827430000000000000e+09
5.827440000000000000e+09
5.827450000000000000e+09
5.827460000000000000e+09
5.827470000000000000e+09
5.827480000000000000e+09
5.827490000000000000e+09
5.827500000000000000e+09
5.827510000000000000e+09
5.827520000000000000e+09
5.827530000000000000e+09
5.827540000000000000e+09
5.827550000000000000e+09
5.827560000000000000e+09
5.827570000000000000e+09
5.827580000000000000e+09
5.827590000000000000e+09
5.827600000000000000e+09
5.827610000000000000e+09
5.827620000000000000e+09
5.827630000000000000e+09
5.827640000000000000e+09
5.827650000000000000e+09
5.827660000000000000e+09
5.827670000000000000e+09
5.827680000000000000e+09
5.827690000000000000e+09
5.827700000000000000e+09
5.827710000000000000e+09
5.827720000000000000e+09
5.827730000000000000e+09
5.827740000000000000e+09
5.827750000000000000e+09
5.827760000000000000e+09
5.827770000000000000e+09
5.827780000000000000e+09
5.827790000000000000e+09
5.827800000000000000e+09
5.827810000000000000e+09
5.827820000000000000e+09
5.827830000000000000e+09
5.827840000000000000e+09
5.827850000000000000e+09
5.827860000000000000e+09
5.827870000000000000e+09
5.827880000000000000e+09
5.827890000000000000e+09
5.827900000000000000e+09
5.827910000000000000e+09
5.827920000000000000e+09
5.827930000000000000e+09
5.827940000000000000e+09
5.827950000000000000e+09
5.827960000000000000e+09
5.827970000000000000e+09
5.827980000000000000e+09
5.827990000000000000e+09
5.828000000000000000e+09
5.828010000000000000e+09
5.828020000000000000e+09
5.828030000000000000e+09
5.828040000000000000e+09
5.828050000000000000e+09
5.828060000000000000e+09
5.828070000000000000e+09
5.828080000000000000e+09
5.828090000000000000e+09
5.828100000000000000e+09
5.828110000000000000e+09
5.828120000000000000e+09
5.828130000000000000e+09
5.828140000000000000e+09
5.828150000000000000e+09
5.828160000000000000e+09
5.828170000000000000e+09
5.828180000000000000e+09
5.828190000000000000e+09
5.828200000000000000e+09
5.828210000000000000e+09
5.828220000000000000e+09
5.828230000000000000e+09
5.828240000000000000e+09
5.828250000000000000e+09
5.828260000000000000e+09
5.828270000000000000e+09
5.828280000000000000e+09
5.828290000000000000e+09
5.828300000000000000e+09
5.828310000000000000e+09
5.828320000000000000e+09
5.828330000000000000e+09
5.828340000000000000e+09
5.828350000000000000e+09
5.828360000000000000e+09
5.828370000000000000e+09
5.828380000000000000e+09
5.828390000000000000e+09
5.828400000000000000e+09
5.828410000000000000e+09
5.828420000000000000e+09
5.828430000000000000e+09
5.828440000000000000e+09
5.828450000000000000e+09
5.828460000000000000e+09
5.828470000000000000e+09
5.828480000000000000e+09
5.828490000000000000e+09
5.828500000000000000e+09
5.828510000000000000e+09
5.828520000000000000e+09
5.828530000000000000e+09
5.828540000000000000e+09
5.828550000000000000e+09
5.828560000000000000e+09
5.828570000000000000e+09
5.828580000000000000e+09
5.828590000000000000e+09
5.828600000000000000e+09
5.828610000000000000e+09
5.828620000000000000e+09
5.828630000000000000e+09
5.828640000000000000e+09
5.828650000000000000e+09
5.828660000000000000e+09
5.828670000000000000e+09
5.828680000000000000e+09
5.828690000000000000e+09
5.828700000000000000e+09
5.828710000000000000e+09
5.828720000000000000e+09
5.828730000000000000e+09
5.828740000000000000e+09
5.828750000000000000e+09
5.828760000000000000e+09
5.828770000000000000e+09
5.828780000000000000e+09
5.828790000000000000e+09
5.828800000000000000e+09
5.828810000000000000e+09
5.828820000000000000e+09
5.828830000000000000e+09
5.828840000000000000e+09
5.828850000000000000e+09
5.828860000000000000e+09
5.828870000000000000e+09
5.828880000000000000e+09
5.828890000000000000e+09
5.828900000000000000e+09
5.828910000000000000e+09
5.828920000000000000e+09
5.828930000000000000e+09
5.828940000000000000e+09
5.828950000000000000e+09
5.828960000000000000e+09
5.828970000000000000e+09
5.828980000000000000e+09
5.828990000000000000e+09
5.829000000000000000e+09
5.829010000000000000e+09
5.829020000000000000e+09
5.829030000000000000e+09
5.829040000000000000e+09
5.829050000000000000e+09
5.829060000000000000e+09
5.829070000000000000e+09
5.829080000000000000e+09
5.829090000000000000e+09
5.829100000000000000e+09
5.829110000000000000e+09
5.829120000000000000e+09
5.829130000000000000e+09
5.829140000000000000e+09
5.829150000000000000e+09
5.829160000000000000e+09
5.829170000000000000e+09
5.829180000000000000e+09
5.829190000000000000e+09
5.829200000000000000e+09
5.829210000000000000e+09
5.829220000000000000e+09
5.829230000000000000e+09
5.829240000000000000e+09
5.829250000000000000e+09
5.829260000000000000e+09
5.829270000000000000e+09
5.829280000000000000e+09
5.829290000000000000e+09
5.829300000000000000e+09
5.829310000000000000e+09
5.829320000000000000e+09
5.829330000000000000e+09
5.829340000000000000e+09
5.829350000000000000e+09
5.829360000000000000e+09
5.829370000000000000e+09
5.829380000000000000e+09
5.829390000000000000e+09
5.829400000000000000e+09
5.829410000000000000e+09
5.829420000000000000e+09
5.829430000000000000e+09
5.829440000000000000e+09
5.829450000000000000e+09
5.829460000000000000e+09
5.829470000000000000e+09
5.829480000000000000e+09
5.829490000000000000e+09
5.829500000000000000e+09
5.829510000000000000e+09
5.829520000000000000e+09
5.829530000000000000e+09
5.829540000000000000e+09
5.829550000000000000e+09
5.829560000000000000e+09
5.829570000000000000e+09
5.829580000000000000e+09
5.829590000000000000e+09
5.829600000000000000e+09
5.829610000000000000e+09
5.829620000000000000e+09
5.829630000000000000e+09
5.829640000000000000e+09
5.829650000000000000e+09
5.829660000000000000e+09
5.829670000000000000e+09
5.829680000000000000e+09
5.829690000000000000e+09
5.829700000000000000e+09
5.829710000000000000e+09
