7.256520000000000000e+09
7.256522000000000000e+09
7.256524000000000000e+09
7.256526000000000000e+09
7.256528000000000000e+09
7.256530000000000000e+09
7.256532000000000000e+09
7.256534000000000000e+09
7.256536000000000000e+09
7.256538000000000000e+09
7.256540000000000000e+09
7.256542000000000000e+09
7.256544000000000000e+09
7.256546000000000000e+09
7.256548000000000000e+09
7.256550000000000000e+09
7.256552000000000000e+09
7.256554000000000000e+09
7.256556000000000000e+09
7.256558000000000000e+09
7.256560000000000000e+09
7.256562000000000000e+09
7.256564000000000000e+09
7.256566000000000000e+09
7.256568000000000000e+09
7.256570000000000000e+09
7.256572000000000000e+09
7.256574000000000000e+09
7.256576000000000000e+09
7.256578000000000000e+09
7.256580000000000000e+09
7.256582000000000000e+09
7.256584000000000000e+09
7.256586000000000000e+09
7.256588000000000000e+09
7.256590000000000000e+09
7.256592000000000000e+09
7.256594000000000000e+09
7.256596000000000000e+09
7.256598000000000000e+09
7.256600000000000000e+09
7.256602000000000000e+09
7.256604000000000000e+09
7.256606000000000000e+09
7.256608000000000000e+09
7.256610000000000000e+09
7.256612000000000000e+09
7.256614000000000000e+09
7.256616000000000000e+09
7.256618000000000000e+09
7.256620000000000000e+09
7.256622000000000000e+09
7.256624000000000000e+09
7.256626000000000000e+09
7.256628000000000000e+09
7.256630000000000000e+09
7.256632000000000000e+09
7.256634000000000000e+09
7.256636000000000000e+09
7.256638000000000000e+09
7.256640000000000000e+09
7.256642000000000000e+09
7.256644000000000000e+09
7.256646000000000000e+09
7.256648000000000000e+09
7.256650000000000000e+09
7.256652000000000000e+09
7.256654000000000000e+09
7.256656000000000000e+09
7.256658000000000000e+09
7.256660000000000000e+09
7.256662000000000000e+09
7.256664000000000000e+09
7.256666000000000000e+09
7.256668000000000000e+09
7.256670000000000000e+09
7.256672000000000000e+09
7.256674000000000000e+09
7.256676000000000000e+09
7.256678000000000000e+09
7.256680000000000000e+09
7.256682000000000000e+09
7.256684000000000000e+09
7.256686000000000000e+09
7.256688000000000000e+09
7.256690000000000000e+09
7.256692000000000000e+09
7.256694000000000000e+09
7.256696000000000000e+09
7.256698000000000000e+09
7.256700000000000000e+09
7.256702000000000000e+09
7.256704000000000000e+09
7.256706000000000000e+09
7.256708000000000000e+09
7.256710000000000000e+09
7.256712000000000000e+09
7.256714000000000000e+09
7.256716000000000000e+09
7.256718000000000000e+09
7.256720000000000000e+09
7.256722000000000000e+09
7.256724000000000000e+09
7.256726000000000000e+09
7.256728000000000000e+09
7.256730000000000000e+09
7.256732000000000000e+09
7.256734000000000000e+09
7.256736000000000000e+09
7.256738000000000000e+09
7.256740000000000000e+09
7.256742000000000000e+09
7.256744000000000000e+09
7.256746000000000000e+09
7.256748000000000000e+09
7.256750000000000000e+09
7.256752000000000000e+09
7.256754000000000000e+09
7.256756000000000000e+09
7.256758000000000000e+09
7.256760000000000000e+09
7.256762000000000000e+09
7.256764000000000000e+09
7.256766000000000000e+09
7.256768000000000000e+09
7.256770000000000000e+09
7.256772000000000000e+09
7.256774000000000000e+09
7.256776000000000000e+09
7.256778000000000000e+09
7.256780000000000000e+09
7.256782000000000000e+09
7.256784000000000000e+09
7.256786000000000000e+09
7.256788000000000000e+09
7.256790000000000000e+09
7.256792000000000000e+09
7.256794000000000000e+09
7.256796000000000000e+09
7.256798000000000000e+09
7.256800000000000000e+09
7.256802000000000000e+09
7.256804000000000000e+09
7.256806000000000000e+09
7.256808000000000000e+09
7.256810000000000000e+09
7.256812000000000000e+09
7.256814000000000000e+09
7.256816000000000000e+09
7.256818000000000000e+09
7.256820000000000000e+09
7.256822000000000000e+09
7.256824000000000000e+09
7.256826000000000000e+09
7.256828000000000000e+09
7.256830000000000000e+09
7.256832000000000000e+09
7.256834000000000000e+09
7.256836000000000000e+09
7.256838000000000000e+09
7.256840000000000000e+09
7.256842000000000000e+09
7.256844000000000000e+09
7.256846000000000000e+09
7.256848000000000000e+09
7.256850000000000000e+09
7.256852000000000000e+09
7.256854000000000000e+09
7.256856000000000000e+09
7.256858000000000000e+09
7.256860000000000000e+09
7.256862000000000000e+09
7.256864000000000000e+09
7.256866000000000000e+09
7.256868000000000000e+09
7.256870000000000000e+09
7.256872000000000000e+09
7.256874000000000000e+09
7.256876000000000000e+09
7.256878000000000000e+09
7.256880000000000000e+09
7.256882000000000000e+09
7.256884000000000000e+09
7.256886000000000000e+09
7.256888000000000000e+09
7.256890000000000000e+09
7.256892000000000000e+09
7.256894000000000000e+09
7.256896000000000000e+09
7.256898000000000000e+09
7.256900000000000000e+09
7.256902000000000000e+09
7.256904000000000000e+09
7.256906000000000000e+09
7.256908000000000000e+09
7.256910000000000000e+09
7.256912000000000000e+09
7.256914000000000000e+09
7.256916000000000000e+09
7.256918000000000000e+09
7.256920000000000000e+09
7.256922000000000000e+09
7.256924000000000000e+09
7.256926000000000000e+09
7.256928000000000000e+09
7.256930000000000000e+09
7.256932000000000000e+09
7.256934000000000000e+09
7.256936000000000000e+09
7.256938000000000000e+09
7.256940000000000000e+09
7.256942000000000000e+09
7.256944000000000000e+09
7.256946000000000000e+09
7.256948000000000000e+09
7.256950000000000000e+09
7.256952000000000000e+09
7.256954000000000000e+09
7.256956000000000000e+09
7.256958000000000000e+09
7.256960000000000000e+09
7.256962000000000000e+09
7.256964000000000000e+09
7.256966000000000000e+09
7.256968000000000000e+09
7.256970000000000000e+09
7.256972000000000000e+09
7.256974000000000000e+09
7.256976000000000000e+09
7.256978000000000000e+09
7.256980000000000000e+09
7.256982000000000000e+09
7.256984000000000000e+09
7.256986000000000000e+09
7.256988000000000000e+09
7.256990000000000000e+09
7.256992000000000000e+09
7.256994000000000000e+09
7.256996000000000000e+09
7.256998000000000000e+09
7.257000000000000000e+09
7.257002000000000000e+09
7.257004000000000000e+09
7.257006000000000000e+09
7.257008000000000000e+09
7.257010000000000000e+09
7.257012000000000000e+09
7.257014000000000000e+09
7.257016000000000000e+09
7.257018000000000000e+09
7.257020000000000000e+09
7.257022000000000000e+09
7.257024000000000000e+09
7.257026000000000000e+09
7.257028000000000000e+09
7.257030000000000000e+09
7.257032000000000000e+09
7.257034000000000000e+09
7.257036000000000000e+09
7.257038000000000000e+09
7.257040000000000000e+09
7.257042000000000000e+09
7.257044000000000000e+09
7.257046000000000000e+09
7.257048000000000000e+09
7.257050000000000000e+09
7.257052000000000000e+09
7.257054000000000000e+09
7.257056000000000000e+09
7.257058000000000000e+09
7.257060000000000000e+09
7.257062000000000000e+09
7.257064000000000000e+09
7.257066000000000000e+09
7.257068000000000000e+09
7.257070000000000000e+09
7.257072000000000000e+09
7.257074000000000000e+09
7.257076000000000000e+09
7.257078000000000000e+09
7.257080000000000000e+09
7.257082000000000000e+09
7.257084000000000000e+09
7.257086000000000000e+09
7.257088000000000000e+09
7.257090000000000000e+09
7.257092000000000000e+09
7.257094000000000000e+09
7.257096000000000000e+09
7.257098000000000000e+09
7.257100000000000000e+09
7.257102000000000000e+09
7.257104000000000000e+09
7.257106000000000000e+09
7.257108000000000000e+09
7.257110000000000000e+09
7.257112000000000000e+09
7.257114000000000000e+09
7.257116000000000000e+09
7.257118000000000000e+09
7.257120000000000000e+09
7.257122000000000000e+09
7.257124000000000000e+09
7.257126000000000000e+09
7.257128000000000000e+09
7.257130000000000000e+09
7.257132000000000000e+09
7.257134000000000000e+09
7.257136000000000000e+09
7.257138000000000000e+09
7.257140000000000000e+09
7.257142000000000000e+09
7.257144000000000000e+09
7.257146000000000000e+09
7.257148000000000000e+09
7.257150000000000000e+09
7.257152000000000000e+09
7.257154000000000000e+09
7.257156000000000000e+09
7.257158000000000000e+09
7.257160000000000000e+09
7.257162000000000000e+09
7.257164000000000000e+09
7.257166000000000000e+09
7.257168000000000000e+09
7.257170000000000000e+09
7.257172000000000000e+09
7.257174000000000000e+09
7.257176000000000000e+09
7.257178000000000000e+09
7.257180000000000000e+09
7.257182000000000000e+09
7.257184000000000000e+09
7.257186000000000000e+09
7.257188000000000000e+09
7.257190000000000000e+09
7.257192000000000000e+09
7.257194000000000000e+09
7.257196000000000000e+09
7.257198000000000000e+09
7.257200000000000000e+09
7.257202000000000000e+09
7.257204000000000000e+09
7.257206000000000000e+09
7.257208000000000000e+09
7.257210000000000000e+09
7.257212000000000000e+09
7.257214000000000000e+09
7.257216000000000000e+09
7.257218000000000000e+09
7.257220000000000000e+09
7.257222000000000000e+09
7.257224000000000000e+09
7.257226000000000000e+09
7.257228000000000000e+09
7.257230000000000000e+09
7.257232000000000000e+09
7.257234000000000000e+09
7.257236000000000000e+09
7.257238000000000000e+09
7.257240000000000000e+09
7.257242000000000000e+09
7.257244000000000000e+09
7.257246000000000000e+09
7.257248000000000000e+09
7.257250000000000000e+09
7.257252000000000000e+09
7.257254000000000000e+09
7.257256000000000000e+09
7.257258000000000000e+09
7.257260000000000000e+09
7.257262000000000000e+09
7.257264000000000000e+09
7.257266000000000000e+09
7.257268000000000000e+09
7.257270000000000000e+09
7.257272000000000000e+09
7.257274000000000000e+09
7.257276000000000000e+09
7.257278000000000000e+09
7.257280000000000000e+09
7.257282000000000000e+09
7.257284000000000000e+09
7.257286000000000000e+09
7.257288000000000000e+09
7.257290000000000000e+09
7.257292000000000000e+09
7.257294000000000000e+09
7.257296000000000000e+09
7.257298000000000000e+09
7.257300000000000000e+09
7.257302000000000000e+09
7.257304000000000000e+09
7.257306000000000000e+09
7.257308000000000000e+09
7.257310000000000000e+09
7.257312000000000000e+09
7.257314000000000000e+09
7.257316000000000000e+09
7.257318000000000000e+09
7.257320000000000000e+09
7.257322000000000000e+09
7.257324000000000000e+09
7.257326000000000000e+09
7.257328000000000000e+09
7.257330000000000000e+09
7.257332000000000000e+09
7.257334000000000000e+09
7.257336000000000000e+09
7.257338000000000000e+09
7.257340000000000000e+09
7.257342000000000000e+09
7.257344000000000000e+09
7.257346000000000000e+09
7.257348000000000000e+09
7.257350000000000000e+09
7.257352000000000000e+09
7.257354000000000000e+09
7.257356000000000000e+09
7.257358000000000000e+09
7.257360000000000000e+09
7.257362000000000000e+09
7.257364000000000000e+09
7.257366000000000000e+09
7.257368000000000000e+09
7.257370000000000000e+09
7.257372000000000000e+09
7.257374000000000000e+09
7.257376000000000000e+09
7.257378000000000000e+09
7.257380000000000000e+09
7.257382000000000000e+09
7.257384000000000000e+09
7.257386000000000000e+09
7.257388000000000000e+09
7.257390000000000000e+09
7.257392000000000000e+09
7.257394000000000000e+09
7.257396000000000000e+09
7.257398000000000000e+09
7.257400000000000000e+09
7.257402000000000000e+09
7.257404000000000000e+09
7.257406000000000000e+09
7.257408000000000000e+09
7.257410000000000000e+09
7.257412000000000000e+09
7.257414000000000000e+09
7.257416000000000000e+09
7.257418000000000000e+09
7.257420000000000000e+09
7.257422000000000000e+09
7.257424000000000000e+09
7.257426000000000000e+09
7.257428000000000000e+09
7.257430000000000000e+09
7.257432000000000000e+09
7.257434000000000000e+09
7.257436000000000000e+09
7.257438000000000000e+09
7.257440000000000000e+09
7.257442000000000000e+09
7.257444000000000000e+09
7.257446000000000000e+09
7.257448000000000000e+09
7.257450000000000000e+09
7.257452000000000000e+09
7.257454000000000000e+09
7.257456000000000000e+09
7.257458000000000000e+09
7.257460000000000000e+09
7.257462000000000000e+09
7.257464000000000000e+09
7.257466000000000000e+09
7.257468000000000000e+09
7.257470000000000000e+09
7.257472000000000000e+09
7.257474000000000000e+09
7.257476000000000000e+09
7.257478000000000000e+09
7.257480000000000000e+09
7.257482000000000000e+09
7.257484000000000000e+09
7.257486000000000000e+09
7.257488000000000000e+09
7.257490000000000000e+09
7.257492000000000000e+09
7.257494000000000000e+09
7.257496000000000000e+09
7.257498000000000000e+09
7.257500000000000000e+09
7.257502000000000000e+09
7.257504000000000000e+09
7.257506000000000000e+09
7.257508000000000000e+09
7.257510000000000000e+09
7.257512000000000000e+09
7.257514000000000000e+09
7.257516000000000000e+09
7.257518000000000000e+09
7.257520000000000000e+09
7.257522000000000000e+09
7.257524000000000000e+09
7.257526000000000000e+09
7.257528000000000000e+09
7.257530000000000000e+09
7.257532000000000000e+09
7.257534000000000000e+09
7.257536000000000000e+09
7.257538000000000000e+09
7.257540000000000000e+09
7.257542000000000000e+09
7.257544000000000000e+09
7.257546000000000000e+09
7.257548000000000000e+09
7.257550000000000000e+09
7.257552000000000000e+09
7.257554000000000000e+09
7.257556000000000000e+09
7.257558000000000000e+09
7.257560000000000000e+09
7.257562000000000000e+09
7.257564000000000000e+09
7.257566000000000000e+09
7.257568000000000000e+09
7.257570000000000000e+09
7.257572000000000000e+09
7.257574000000000000e+09
7.257576000000000000e+09
7.257578000000000000e+09
7.257580000000000000e+09
7.257582000000000000e+09
7.257584000000000000e+09
7.257586000000000000e+09
7.257588000000000000e+09
7.257590000000000000e+09
7.257592000000000000e+09
7.257594000000000000e+09
7.257596000000000000e+09
7.257598000000000000e+09
7.257600000000000000e+09
7.257602000000000000e+09
7.257604000000000000e+09
7.257606000000000000e+09
7.257608000000000000e+09
7.257610000000000000e+09
7.257612000000000000e+09
7.257614000000000000e+09
7.257616000000000000e+09
7.257618000000000000e+09
7.257620000000000000e+09
7.257622000000000000e+09
7.257624000000000000e+09
7.257626000000000000e+09
7.257628000000000000e+09
7.257630000000000000e+09
7.257632000000000000e+09
7.257634000000000000e+09
7.257636000000000000e+09
7.257638000000000000e+09
7.257640000000000000e+09
7.257642000000000000e+09
7.257644000000000000e+09
7.257646000000000000e+09
7.257648000000000000e+09
7.257650000000000000e+09
7.257652000000000000e+09
7.257654000000000000e+09
7.257656000000000000e+09
7.257658000000000000e+09
7.257660000000000000e+09
7.257662000000000000e+09
7.257664000000000000e+09
7.257666000000000000e+09
7.257668000000000000e+09
7.257670000000000000e+09
7.257672000000000000e+09
7.257674000000000000e+09
7.257676000000000000e+09
7.257678000000000000e+09
7.257680000000000000e+09
7.257682000000000000e+09
7.257684000000000000e+09
7.257686000000000000e+09
7.257688000000000000e+09
7.257690000000000000e+09
7.257692000000000000e+09
7.257694000000000000e+09
7.257696000000000000e+09
7.257698000000000000e+09
7.257700000000000000e+09
7.257702000000000000e+09
7.257704000000000000e+09
7.257706000000000000e+09
7.257708000000000000e+09
7.257710000000000000e+09
7.257712000000000000e+09
7.257714000000000000e+09
7.257716000000000000e+09
7.257718000000000000e+09
7.257720000000000000e+09
7.257722000000000000e+09
7.257724000000000000e+09
7.257726000000000000e+09
7.257728000000000000e+09
7.257730000000000000e+09
7.257732000000000000e+09
7.257734000000000000e+09
7.257736000000000000e+09
7.257738000000000000e+09
7.257740000000000000e+09
7.257742000000000000e+09
7.257744000000000000e+09
7.257746000000000000e+09
7.257748000000000000e+09
7.257750000000000000e+09
7.257752000000000000e+09
7.257754000000000000e+09
7.257756000000000000e+09
7.257758000000000000e+09
7.257760000000000000e+09
7.257762000000000000e+09
7.257764000000000000e+09
7.257766000000000000e+09
7.257768000000000000e+09
7.257770000000000000e+09
7.257772000000000000e+09
7.257774000000000000e+09
7.257776000000000000e+09
7.257778000000000000e+09
7.257780000000000000e+09
7.257782000000000000e+09
7.257784000000000000e+09
7.257786000000000000e+09
7.257788000000000000e+09
7.257790000000000000e+09
7.257792000000000000e+09
7.257794000000000000e+09
7.257796000000000000e+09
7.257798000000000000e+09
7.257800000000000000e+09
7.257802000000000000e+09
7.257804000000000000e+09
7.257806000000000000e+09
7.257808000000000000e+09
7.257810000000000000e+09
7.257812000000000000e+09
7.257814000000000000e+09
7.257816000000000000e+09
7.257818000000000000e+09
7.257820000000000000e+09
7.257822000000000000e+09
7.257824000000000000e+09
7.257826000000000000e+09
7.257828000000000000e+09
7.257830000000000000e+09
7.257832000000000000e+09
7.257834000000000000e+09
7.257836000000000000e+09
7.257838000000000000e+09
7.257840000000000000e+09
7.257842000000000000e+09
7.257844000000000000e+09
7.257846000000000000e+09
7.257848000000000000e+09
7.257850000000000000e+09
7.257852000000000000e+09
7.257854000000000000e+09
7.257856000000000000e+09
7.257858000000000000e+09
7.257860000000000000e+09
7.257862000000000000e+09
7.257864000000000000e+09
7.257866000000000000e+09
7.257868000000000000e+09
7.257870000000000000e+09
7.257872000000000000e+09
7.257874000000000000e+09
7.257876000000000000e+09
7.257878000000000000e+09
7.257880000000000000e+09
7.257882000000000000e+09
7.257884000000000000e+09
7.257886000000000000e+09
7.257888000000000000e+09
7.257890000000000000e+09
7.257892000000000000e+09
7.257894000000000000e+09
7.257896000000000000e+09
7.257898000000000000e+09
7.257900000000000000e+09
7.257902000000000000e+09
7.257904000000000000e+09
7.257906000000000000e+09
7.257908000000000000e+09
7.257910000000000000e+09
7.257912000000000000e+09
7.257914000000000000e+09
7.257916000000000000e+09
7.257918000000000000e+09
7.257920000000000000e+09
7.257922000000000000e+09
7.257924000000000000e+09
7.257926000000000000e+09
7.257928000000000000e+09
7.257930000000000000e+09
7.257932000000000000e+09
7.257934000000000000e+09
7.257936000000000000e+09
7.257938000000000000e+09
7.257940000000000000e+09
7.257942000000000000e+09
7.257944000000000000e+09
7.257946000000000000e+09
7.257948000000000000e+09
7.257950000000000000e+09
7.257952000000000000e+09
7.257954000000000000e+09
7.257956000000000000e+09
7.257958000000000000e+09
7.257960000000000000e+09
7.257962000000000000e+09
7.257964000000000000e+09
7.257966000000000000e+09
7.257968000000000000e+09
7.257970000000000000e+09
7.257972000000000000e+09
7.257974000000000000e+09
7.257976000000000000e+09
7.257978000000000000e+09
7.257980000000000000e+09
7.257982000000000000e+09
7.257984000000000000e+09
7.257986000000000000e+09
7.257988000000000000e+09
7.257990000000000000e+09
7.257992000000000000e+09
7.257994000000000000e+09
7.257996000000000000e+09
7.257998000000000000e+09
7.258000000000000000e+09
7.258002000000000000e+09
7.258004000000000000e+09
7.258006000000000000e+09
7.258008000000000000e+09
7.258010000000000000e+09
7.258012000000000000e+09
7.258014000000000000e+09
7.258016000000000000e+09
7.258018000000000000e+09
7.258020000000000000e+09
7.258022000000000000e+09
7.258024000000000000e+09
7.258026000000000000e+09
7.258028000000000000e+09
7.258030000000000000e+09
7.258032000000000000e+09
7.258034000000000000e+09
7.258036000000000000e+09
7.258038000000000000e+09
7.258040000000000000e+09
7.258042000000000000e+09
7.258044000000000000e+09
7.258046000000000000e+09
7.258048000000000000e+09
7.258050000000000000e+09
7.258052000000000000e+09
7.258054000000000000e+09
7.258056000000000000e+09
7.258058000000000000e+09
7.258060000000000000e+09
7.258062000000000000e+09
7.258064000000000000e+09
7.258066000000000000e+09
7.258068000000000000e+09
7.258070000000000000e+09
7.258072000000000000e+09
7.258074000000000000e+09
7.258076000000000000e+09
7.258078000000000000e+09
7.258080000000000000e+09
7.258082000000000000e+09
7.258084000000000000e+09
7.258086000000000000e+09
7.258088000000000000e+09
7.258090000000000000e+09
7.258092000000000000e+09
7.258094000000000000e+09
7.258096000000000000e+09
7.258098000000000000e+09
7.258100000000000000e+09
7.258102000000000000e+09
7.258104000000000000e+09
7.258106000000000000e+09
7.258108000000000000e+09
7.258110000000000000e+09
7.258112000000000000e+09
7.258114000000000000e+09
7.258116000000000000e+09
7.258118000000000000e+09
7.258120000000000000e+09
7.258122000000000000e+09
7.258124000000000000e+09
7.258126000000000000e+09
7.258128000000000000e+09
7.258130000000000000e+09
7.258132000000000000e+09
7.258134000000000000e+09
7.258136000000000000e+09
7.258138000000000000e+09
7.258140000000000000e+09
7.258142000000000000e+09
7.258144000000000000e+09
7.258146000000000000e+09
7.258148000000000000e+09
7.258150000000000000e+09
7.258152000000000000e+09
7.258154000000000000e+09
7.258156000000000000e+09
7.258158000000000000e+09
7.258160000000000000e+09
7.258162000000000000e+09
7.258164000000000000e+09
7.258166000000000000e+09
7.258168000000000000e+09
7.258170000000000000e+09
7.258172000000000000e+09
7.258174000000000000e+09
7.258176000000000000e+09
7.258178000000000000e+09
7.258180000000000000e+09
7.258182000000000000e+09
7.258184000000000000e+09
7.258186000000000000e+09
7.258188000000000000e+09
7.258190000000000000e+09
7.258192000000000000e+09
7.258194000000000000e+09
7.258196000000000000e+09
7.258198000000000000e+09
7.258200000000000000e+09
7.258202000000000000e+09
7.258204000000000000e+09
7.258206000000000000e+09
7.258208000000000000e+09
7.258210000000000000e+09
7.258212000000000000e+09
7.258214000000000000e+09
7.258216000000000000e+09
7.258218000000000000e+09
7.258220000000000000e+09
7.258222000000000000e+09
7.258224000000000000e+09
7.258226000000000000e+09
7.258228000000000000e+09
7.258230000000000000e+09
7.258232000000000000e+09
7.258234000000000000e+09
7.258236000000000000e+09
7.258238000000000000e+09
7.258240000000000000e+09
7.258242000000000000e+09
7.258244000000000000e+09
7.258246000000000000e+09
7.258248000000000000e+09
7.258250000000000000e+09
7.258252000000000000e+09
7.258254000000000000e+09
7.258256000000000000e+09
7.258258000000000000e+09
7.258260000000000000e+09
7.258262000000000000e+09
7.258264000000000000e+09
7.258266000000000000e+09
7.258268000000000000e+09
7.258270000000000000e+09
7.258272000000000000e+09
7.258274000000000000e+09
7.258276000000000000e+09
7.258278000000000000e+09
7.258280000000000000e+09
7.258282000000000000e+09
7.258284000000000000e+09
7.258286000000000000e+09
7.258288000000000000e+09
7.258290000000000000e+09
7.258292000000000000e+09
7.258294000000000000e+09
7.258296000000000000e+09
7.258298000000000000e+09
7.258300000000000000e+09
7.258302000000000000e+09
7.258304000000000000e+09
7.258306000000000000e+09
7.258308000000000000e+09
7.258310000000000000e+09
7.258312000000000000e+09
7.258314000000000000e+09
7.258316000000000000e+09
7.258318000000000000e+09
7.258320000000000000e+09
7.258322000000000000e+09
7.258324000000000000e+09
7.258326000000000000e+09
7.258328000000000000e+09
7.258330000000000000e+09
7.258332000000000000e+09
7.258334000000000000e+09
7.258336000000000000e+09
7.258338000000000000e+09
7.258340000000000000e+09
7.258342000000000000e+09
7.258344000000000000e+09
7.258346000000000000e+09
7.258348000000000000e+09
7.258350000000000000e+09
7.258352000000000000e+09
7.258354000000000000e+09
7.258356000000000000e+09
7.258358000000000000e+09
7.258360000000000000e+09
7.258362000000000000e+09
7.258364000000000000e+09
7.258366000000000000e+09
7.258368000000000000e+09
7.258370000000000000e+09
7.258372000000000000e+09
7.258374000000000000e+09
7.258376000000000000e+09
7.258378000000000000e+09
7.258380000000000000e+09
7.258382000000000000e+09
7.258384000000000000e+09
7.258386000000000000e+09
7.258388000000000000e+09
7.258390000000000000e+09
7.258392000000000000e+09
7.258394000000000000e+09
7.258396000000000000e+09
7.258398000000000000e+09
7.258400000000000000e+09
7.258402000000000000e+09
7.258404000000000000e+09
7.258406000000000000e+09
7.258408000000000000e+09
7.258410000000000000e+09
7.258412000000000000e+09
7.258414000000000000e+09
7.258416000000000000e+09
7.258418000000000000e+09
7.258420000000000000e+09
7.258422000000000000e+09
7.258424000000000000e+09
7.258426000000000000e+09
7.258428000000000000e+09
7.258430000000000000e+09
7.258432000000000000e+09
7.258434000000000000e+09
7.258436000000000000e+09
7.258438000000000000e+09
7.258440000000000000e+09
7.258442000000000000e+09
7.258444000000000000e+09
7.258446000000000000e+09
7.258448000000000000e+09
7.258450000000000000e+09
7.258452000000000000e+09
7.258454000000000000e+09
7.258456000000000000e+09
7.258458000000000000e+09
7.258460000000000000e+09
7.258462000000000000e+09
7.258464000000000000e+09
7.258466000000000000e+09
7.258468000000000000e+09
7.258470000000000000e+09
7.258472000000000000e+09
7.258474000000000000e+09
7.258476000000000000e+09
7.258478000000000000e+09
7.258480000000000000e+09
7.258482000000000000e+09
7.258484000000000000e+09
7.258486000000000000e+09
7.258488000000000000e+09
7.258490000000000000e+09
7.258492000000000000e+09
7.258494000000000000e+09
7.258496000000000000e+09
7.258498000000000000e+09
7.258500000000000000e+09
7.258502000000000000e+09
7.258504000000000000e+09
7.258506000000000000e+09
7.258508000000000000e+09
7.258510000000000000e+09
7.258512000000000000e+09
7.258514000000000000e+09
7.258516000000000000e+09
7.258518000000000000e+09
7.258520000000000000e+09
