5.823500000000000000e+09
5.823528000000000000e+09
5.823556000000000000e+09
5.823584000000000000e+09
5.823612000000000000e+09
5.823640000000000000e+09
5.823668000000000000e+09
5.823696000000000000e+09
5.823724000000000000e+09
5.823752000000000000e+09
5.823780000000000000e+09
5.823808000000000000e+09
5.823836000000000000e+09
5.823864000000000000e+09
5.823892000000000000e+09
5.823920000000000000e+09
5.823948000000000000e+09
5.823976000000000000e+09
5.824004000000000000e+09
5.824032000000000000e+09
5.824060000000000000e+09
5.824088000000000000e+09
5.824116000000000000e+09
5.824144000000000000e+09
5.824172000000000000e+09
5.824200000000000000e+09
5.824228000000000000e+09
5.824256000000000000e+09
5.824284000000000000e+09
5.824312000000000000e+09
5.824340000000000000e+09
5.824368000000000000e+09
5.824396000000000000e+09
5.824424000000000000e+09
5.824452000000000000e+09
5.824480000000000000e+09
5.824508000000000000e+09
5.824536000000000000e+09
5.824564000000000000e+09
5.824592000000000000e+09
5.824620000000000000e+09
5.824648000000000000e+09
5.824676000000000000e+09
5.824704000000000000e+09
5.824732000000000000e+09
5.824760000000000000e+09
5.824788000000000000e+09
5.824816000000000000e+09
5.824844000000000000e+09
5.824872000000000000e+09
5.824900000000000000e+09
5.824928000000000000e+09
5.824956000000000000e+09
5.824984000000000000e+09
5.825012000000000000e+09
5.825040000000000000e+09
5.825068000000000000e+09
5.825096000000000000e+09
5.825124000000000000e+09
5.825152000000000000e+09
5.825180000000000000e+09
5.825208000000000000e+09
5.825236000000000000e+09
5.825264000000000000e+09
5.825292000000000000e+09
5.825320000000000000e+09
5.825348000000000000e+09
5.825376000000000000e+09
5.825404000000000000e+09
5.825432000000000000e+09
5.825460000000000000e+09
5.825488000000000000e+09
5.825516000000000000e+09
5.825544000000000000e+09
5.825572000000000000e+09
5.825600000000000000e+09
5.825628000000000000e+09
5.825656000000000000e+09
5.825684000000000000e+09
5.825712000000000000e+09
5.825740000000000000e+09
5.825768000000000000e+09
5.825796000000000000e+09
5.825824000000000000e+09
5.825852000000000000e+09
5.825880000000000000e+09
5.825908000000000000e+09
5.825936000000000000e+09
5.825964000000000000e+09
5.825992000000000000e+09
5.826020000000000000e+09
5.826048000000000000e+09
5.826076000000000000e+09
5.826104000000000000e+09
5.826132000000000000e+09
5.826160000000000000e+09
5.826188000000000000e+09
5.826216000000000000e+09
5.826244000000000000e+09
5.826272000000000000e+09
5.826300000000000000e+09
5.826328000000000000e+09
5.826356000000000000e+09
5.826384000000000000e+09
5.826412000000000000e+09
5.826440000000000000e+09
5.826468000000000000e+09
5.826496000000000000e+09
5.826524000000000000e+09
5.826552000000000000e+09
5.826580000000000000e+09
5.826608000000000000e+09
5.826636000000000000e+09
5.826664000000000000e+09
5.826692000000000000e+09
5.826720000000000000e+09
5.826748000000000000e+09
5.826776000000000000e+09
5.826804000000000000e+09
5.826832000000000000e+09
5.826860000000000000e+09
5.826888000000000000e+09
5.826916000000000000e+09
5.826944000000000000e+09
5.826972000000000000e+09
5.827000000000000000e+09
5.827028000000000000e+09
5.827056000000000000e+09
5.827084000000000000e+09
5.827112000000000000e+09
5.827140000000000000e+09
5.827168000000000000e+09
5.827196000000000000e+09
5.827224000000000000e+09
5.827252000000000000e+09
5.827280000000000000e+09
5.827308000000000000e+09
5.827336000000000000e+09
5.827364000000000000e+09
5.827392000000000000e+09
5.827420000000000000e+09
5.827448000000000000e+09
5.827476000000000000e+09
5.827504000000000000e+09
5.827532000000000000e+09
5.827560000000000000e+09
5.827588000000000000e+09
5.827616000000000000e+09
5.827644000000000000e+09
5.827672000000000000e+09
5.827700000000000000e+09
5.827728000000000000e+09
5.827756000000000000e+09
5.827784000000000000e+09
5.827812000000000000e+09
5.827840000000000000e+09
5.827868000000000000e+09
5.827896000000000000e+09
5.827924000000000000e+09
5.827952000000000000e+09
5.827980000000000000e+09
5.828008000000000000e+09
5.828036000000000000e+09
5.828064000000000000e+09
5.828092000000000000e+09
5.828120000000000000e+09
5.828148000000000000e+09
5.828176000000000000e+09
5.828204000000000000e+09
5.828232000000000000e+09
5.828260000000000000e+09
5.828288000000000000e+09
5.828316000000000000e+09
5.828344000000000000e+09
5.828372000000000000e+09
5.828400000000000000e+09
5.828428000000000000e+09
5.828456000000000000e+09
5.828484000000000000e+09
5.828512000000000000e+09
5.828540000000000000e+09
5.828568000000000000e+09
5.828596000000000000e+09
5.828624000000000000e+09
5.828652000000000000e+09
5.828680000000000000e+09
5.828708000000000000e+09
5.828736000000000000e+09
5.828764000000000000e+09
5.828792000000000000e+09
5.828820000000000000e+09
5.828848000000000000e+09
5.828876000000000000e+09
5.828904000000000000e+09
5.828932000000000000e+09
5.828960000000000000e+09
5.828988000000000000e+09
5.829016000000000000e+09
5.829044000000000000e+09
5.829072000000000000e+09
5.829100000000000000e+09
5.829128000000000000e+09
5.829156000000000000e+09
5.829184000000000000e+09
5.829212000000000000e+09
5.829240000000000000e+09
5.829268000000000000e+09
5.829296000000000000e+09
5.829324000000000000e+09
5.829352000000000000e+09
5.829380000000000000e+09
5.829408000000000000e+09
5.829436000000000000e+09
5.829464000000000000e+09
5.829492000000000000e+09
5.829520000000000000e+09
5.829548000000000000e+09
5.829576000000000000e+09
5.829604000000000000e+09
5.829632000000000000e+09
5.829660000000000000e+09
5.829688000000000000e+09
5.829716000000000000e+09
5.829744000000000000e+09
5.829772000000000000e+09
5.829800000000000000e+09
5.829828000000000000e+09
5.829856000000000000e+09
5.829884000000000000e+09
5.829912000000000000e+09
5.829940000000000000e+09
5.829968000000000000e+09
5.829996000000000000e+09
5.830024000000000000e+09
5.830052000000000000e+09
5.830080000000000000e+09
5.830108000000000000e+09
5.830136000000000000e+09
5.830164000000000000e+09
5.830192000000000000e+09
5.830220000000000000e+09
5.830248000000000000e+09
5.830276000000000000e+09
5.830304000000000000e+09
5.830332000000000000e+09
5.830360000000000000e+09
5.830388000000000000e+09
5.830416000000000000e+09
5.830444000000000000e+09
5.830472000000000000e+09
5.830500000000000000e+09
