5.357600000000000000e+09
5.357620000000000000e+09
5.357640000000000000e+09
5.357660000000000000e+09
5.357680000000000000e+09
5.357700000000000000e+09
5.357720000000000000e+09
5.357740000000000000e+09
5.357760000000000000e+09
5.357780000000000000e+09
5.357800000000000000e+09
5.357820000000000000e+09
5.357840000000000000e+09
5.357860000000000000e+09
5.357880000000000000e+09
5.357900000000000000e+09
5.357920000000000000e+09
5.357940000000000000e+09
5.357960000000000000e+09
5.357980000000000000e+09
5.358000000000000000e+09
5.358020000000000000e+09
5.358040000000000000e+09
5.358060000000000000e+09
5.358080000000000000e+09
5.358100000000000000e+09
5.358120000000000000e+09
5.358140000000000000e+09
5.358160000000000000e+09
5.358180000000000000e+09
5.358200000000000000e+09
5.358220000000000000e+09
5.358240000000000000e+09
5.358260000000000000e+09
5.358280000000000000e+09
5.358300000000000000e+09
5.358320000000000000e+09
5.358340000000000000e+09
5.358360000000000000e+09
5.358380000000000000e+09
5.358400000000000000e+09
5.358420000000000000e+09
5.358440000000000000e+09
5.358460000000000000e+09
5.358480000000000000e+09
5.358500000000000000e+09
5.358520000000000000e+09
5.358540000000000000e+09
5.358560000000000000e+09
5.358580000000000000e+09
5.358600000000000000e+09
5.358620000000000000e+09
5.358640000000000000e+09
5.358660000000000000e+09
5.358680000000000000e+09
5.358700000000000000e+09
5.358720000000000000e+09
5.358740000000000000e+09
5.358760000000000000e+09
5.358780000000000000e+09
5.358800000000000000e+09
5.358820000000000000e+09
5.358840000000000000e+09
5.358860000000000000e+09
5.358880000000000000e+09
5.358900000000000000e+09
5.358920000000000000e+09
5.358940000000000000e+09
5.358960000000000000e+09
5.358980000000000000e+09
5.359000000000000000e+09
5.359020000000000000e+09
5.359040000000000000e+09
5.359060000000000000e+09
5.359080000000000000e+09
5.359100000000000000e+09
5.359120000000000000e+09
5.359140000000000000e+09
5.359160000000000000e+09
5.359180000000000000e+09
5.359200000000000000e+09
5.359220000000000000e+09
5.359240000000000000e+09
5.359260000000000000e+09
5.359280000000000000e+09
5.359300000000000000e+09
5.359320000000000000e+09
5.359340000000000000e+09
5.359360000000000000e+09
5.359380000000000000e+09
5.359400000000000000e+09
5.359420000000000000e+09
5.359440000000000000e+09
5.359460000000000000e+09
5.359480000000000000e+09
5.359500000000000000e+09
5.359520000000000000e+09
5.359540000000000000e+09
5.359560000000000000e+09
5.359580000000000000e+09
5.359600000000000000e+09
5.359620000000000000e+09
5.359640000000000000e+09
5.359660000000000000e+09
5.359680000000000000e+09
5.359700000000000000e+09
5.359720000000000000e+09
5.359740000000000000e+09
5.359760000000000000e+09
5.359780000000000000e+09
5.359800000000000000e+09
5.359820000000000000e+09
5.359840000000000000e+09
5.359860000000000000e+09
5.359880000000000000e+09
5.359900000000000000e+09
5.359920000000000000e+09
5.359940000000000000e+09
5.359960000000000000e+09
5.359980000000000000e+09
5.360000000000000000e+09
5.360020000000000000e+09
5.360040000000000000e+09
5.360060000000000000e+09
5.360080000000000000e+09
5.360100000000000000e+09
5.360120000000000000e+09
5.360140000000000000e+09
5.360160000000000000e+09
5.360180000000000000e+09
5.360200000000000000e+09
5.360220000000000000e+09
5.360240000000000000e+09
5.360260000000000000e+09
5.360280000000000000e+09
5.360300000000000000e+09
5.360320000000000000e+09
5.360340000000000000e+09
5.360360000000000000e+09
5.360380000000000000e+09
5.360400000000000000e+09
5.360420000000000000e+09
5.360440000000000000e+09
5.360460000000000000e+09
5.360480000000000000e+09
5.360500000000000000e+09
5.360520000000000000e+09
5.360540000000000000e+09
5.360560000000000000e+09
5.360580000000000000e+09
5.360600000000000000e+09
5.360620000000000000e+09
5.360640000000000000e+09
5.360660000000000000e+09
5.360680000000000000e+09
5.360700000000000000e+09
5.360720000000000000e+09
5.360740000000000000e+09
5.360760000000000000e+09
5.360780000000000000e+09
5.360800000000000000e+09
5.360820000000000000e+09
5.360840000000000000e+09
5.360860000000000000e+09
5.360880000000000000e+09
5.360900000000000000e+09
5.360920000000000000e+09
5.360940000000000000e+09
5.360960000000000000e+09
5.360980000000000000e+09
5.361000000000000000e+09
5.361020000000000000e+09
5.361040000000000000e+09
5.361060000000000000e+09
5.361080000000000000e+09
5.361100000000000000e+09
5.361120000000000000e+09
5.361140000000000000e+09
5.361160000000000000e+09
5.361180000000000000e+09
5.361200000000000000e+09
5.361220000000000000e+09
5.361240000000000000e+09
5.361260000000000000e+09
5.361280000000000000e+09
5.361300000000000000e+09
5.361320000000000000e+09
5.361340000000000000e+09
5.361360000000000000e+09
5.361380000000000000e+09
5.361400000000000000e+09
5.361420000000000000e+09
5.361440000000000000e+09
5.361460000000000000e+09
5.361480000000000000e+09
5.361500000000000000e+09
5.361520000000000000e+09
5.361540000000000000e+09
5.361560000000000000e+09
5.361580000000000000e+09
5.361600000000000000e+09
5.361620000000000000e+09
5.361640000000000000e+09
5.361660000000000000e+09
5.361680000000000000e+09
5.361700000000000000e+09
5.361720000000000000e+09
5.361740000000000000e+09
5.361760000000000000e+09
5.361780000000000000e+09
5.361800000000000000e+09
5.361820000000000000e+09
5.361840000000000000e+09
5.361860000000000000e+09
5.361880000000000000e+09
5.361900000000000000e+09
5.361920000000000000e+09
5.361940000000000000e+09
5.361960000000000000e+09
5.361980000000000000e+09
5.362000000000000000e+09
5.362020000000000000e+09
5.362040000000000000e+09
5.362060000000000000e+09
5.362080000000000000e+09
5.362100000000000000e+09
5.362120000000000000e+09
5.362140000000000000e+09
5.362160000000000000e+09
5.362180000000000000e+09
5.362200000000000000e+09
5.362220000000000000e+09
5.362240000000000000e+09
5.362260000000000000e+09
5.362280000000000000e+09
5.362300000000000000e+09
5.362320000000000000e+09
5.362340000000000000e+09
5.362360000000000000e+09
5.362380000000000000e+09
5.362400000000000000e+09
5.362420000000000000e+09
5.362440000000000000e+09
5.362460000000000000e+09
5.362480000000000000e+09
5.362500000000000000e+09
5.362520000000000000e+09
5.362540000000000000e+09
5.362560000000000000e+09
5.362580000000000000e+09
5.362600000000000000e+09
