-4.872164828140537196e+01
-4.860915776719767933e+01
-4.867893152142536906e+01
-4.868477077082266646e+01
-4.863509488197492203e+01
-4.869685119197679057e+01
-4.866333639353717899e+01
-4.874188236562547161e+01
-4.865249814204344148e+01
-4.871258041920602011e+01
-4.873724934833912670e+01
-4.863769482415578693e+01
-4.873910765113996035e+01
-4.867596374615076371e+01
-4.874564411793027574e+01
-4.867684656292738765e+01
-4.871743823300960230e+01
-4.870526473067630491e+01
-4.872879480735053903e+01
-4.873942490722856746e+01
-4.870061581938124817e+01
-4.875306600857862804e+01
-4.877324133629200986e+01
-4.870050445792196570e+01
-4.874471936018924367e+01
-4.873138164939171446e+01
-4.875720743513618771e+01
-4.872793845168076388e+01
-4.873556037618400438e+01
-4.876846231119144903e+01
-4.870747092726888638e+01
-4.877136811435011765e+01
-4.876865600984230298e+01
-4.875720270344488227e+01
-4.878556453907425805e+01
-4.875237256703265842e+01
-4.877972343312309533e+01
-4.872955285273895498e+01
-4.881599386356454318e+01
-4.875045872641698708e+01
-4.879130827568896223e+01
-4.876635359354136057e+01
-4.875455306451596016e+01
-4.880016479318254596e+01
-4.874881801773861412e+01
-4.880126287664936058e+01
-4.877357251663762838e+01
-4.874140387426535170e+01
-4.879644385182881905e+01
-4.876510245492050188e+01
-4.880473126593997080e+01
-4.881094688214376731e+01
-4.881001013194139659e+01
-4.882805183801575311e+01
-4.877098523744724190e+01
-4.888140392779472876e+01
-4.882236589529300375e+01
-4.885548952096421260e+01
-4.887830176029222429e+01
-4.880190928297566444e+01
-4.888506172583604581e+01
-4.881673390378139743e+01
-4.891490672214622037e+01
-4.882835886798619640e+01
-4.884467873028619067e+01
-4.893937719958906030e+01
-4.886755037402914326e+01
-4.890899459977879360e+01
-4.886455059164562442e+01
-4.894572205328369563e+01
-4.894881677311025925e+01
-4.887540252964956977e+01
-4.895364153299875909e+01
-4.888065448084358167e+01
-4.898113148801555639e+01
-4.886090793492052597e+01
-4.898978399707755216e+01
-4.896607524934900368e+01
-4.890975137991739530e+01
-4.902236221117895099e+01
-4.899563474157886844e+01
-4.900741757413528887e+01
-4.900187257578754441e+01
-4.900367339728254734e+01
-4.905638718738516246e+01
-4.902128286376914446e+01
-4.908566921194715604e+01
-4.904005788908246188e+01
-4.909871410333741437e+01
-4.911732149700555539e+01
-4.902583004540586842e+01
-4.917113924109391121e+01
-4.909721226847941722e+01
-4.914892198338678497e+01
-4.916056111934535977e+01
-4.920474113278338280e+01
-4.921535437332376972e+01
-4.925374371391608008e+01
-4.931166204034848022e+01
-4.931620686620533434e+01
-4.933574911022888188e+01
-4.934711397693310175e+01
-4.935313166253826722e+01
-4.948920480913158571e+01
-4.943934450238592859e+01
-4.950159622298504303e+01
-4.949685874099648686e+01
-4.957374619407030281e+01
-4.969034547491341414e+01
-4.968423808859495239e+01
-4.979406469458262308e+01
-4.976294376193371960e+01
-4.983759491695077770e+01
-4.988127083095002945e+01
-4.993863559419064302e+01
-5.002295412562802568e+01
-5.007700710194198734e+01
-5.016612263953479101e+01
-5.019890022029788668e+01
-5.027976405090608836e+01
-5.034574400773541925e+01
-5.033668075707333855e+01
-5.037724796297367647e+01
-5.033082652378634947e+01
-5.041001878437779737e+01
-5.029365794057505212e+01
-5.030363597870956482e+01
-5.021367579560744332e+01
-5.010661624111364887e+01
-5.003970934872204168e+01
-4.992115363633303815e+01
-4.980681182368378757e+01
-4.977954614837143765e+01
-4.960931435255299959e+01
-4.960849503110413394e+01
-4.944045721495736245e+01
-4.939855577282875743e+01
-4.931136089200290229e+01
-4.923488394768006060e+01
-4.924867977111362194e+01
-4.913363637953512608e+01
-4.919545288638040148e+01
-4.903539921661944589e+01
-4.904420983471883488e+01
-4.900808991546970361e+01
-4.891246442807064909e+01
-4.893279076597585231e+01
-4.885706461438396531e+01
-4.889941782850178953e+01
-4.885506902118865469e+01
-4.883287897115378939e+01
-4.884027513386384101e+01
-4.877408509902393519e+01
-4.881201701201337784e+01
-4.880795429189551271e+01
-4.880435185490085814e+01
-4.873355103994141757e+01
-4.870437209357636021e+01
-4.875841842210778054e+01
-4.869860344684027353e+01
-4.876856993199907464e+01
-4.873658292977430762e+01
-4.866582623794394635e+01
-4.876048388701956782e+01
-4.868443789369366925e+01
-4.872063634571220092e+01
-4.863949219952900194e+01
-4.871433598668333076e+01
-4.869620668012739628e+01
-4.866316102597606630e+01
-4.871610832303233707e+01
-4.865943579741195180e+01
-4.869107255482823859e+01
-4.866385023362315820e+01
-4.866228439442907217e+01
-4.872962332118216011e+01
-4.863496667964734854e+01
-4.870457458335295797e+01
-4.863239357078950320e+01
-4.868059737196319503e+01
-4.870706840946446903e+01
-4.863861147462269230e+01
-4.869684003159328256e+01
-4.862901976133858284e+01
-4.875055813052526332e+01
-4.866429132058723894e+01
-4.864553284052809090e+01
-4.867268890395990155e+01
-4.868687990114540298e+01
-4.868719585262017802e+01
-4.863926007051755107e+01
-4.867687120276069379e+01
-4.864977069630243989e+01
-4.864526271616221464e+01
-4.866564498173708131e+01
-4.861603760040537026e+01
-4.870114161827171273e+01
-4.863044809659371737e+01
-4.863086895180313718e+01
-4.869563058568745362e+01
-4.863836658628600418e+01
-4.864409137323387711e+01
-4.866526100097190266e+01
-4.869598318302926998e+01
-4.868560566926083766e+01
-4.871698865266726131e+01
-4.873451350134145343e+01
-4.864519588900637359e+01
-4.869153103387762371e+01
-4.862060571320398594e+01
-4.863912679865137534e+01
-4.872001719999347813e+01
-4.864744890021740531e+01
-4.868634612073296353e+01
-4.865010869261971749e+01
-4.871226252063542717e+01
-4.869224729298147736e+01
-4.871920254969103325e+01
-4.870569166970454944e+01
-4.867778873521843508e+01
-4.868754828426071413e+01
-4.868580069124953269e+01
-4.867696929195383859e+01
-4.869975016496135112e+01
-4.864955051845873868e+01
-4.871669595095360705e+01
-4.864542970918017772e+01
-4.875584756334333036e+01
-4.867321449538783895e+01
-4.869053763680031466e+01
-4.875252487127681178e+01
-4.865898596892929362e+01
-4.877659559737039530e+01
-4.867494709755406745e+01
-4.872682886172064798e+01
-4.869242950829303140e+01
-4.868214032844562666e+01
-4.876258784313429118e+01
-4.871873480737153272e+01
-4.877507742767237175e+01
-4.867492839823641759e+01
-4.874028658778083667e+01
-4.867999945613001955e+01
-4.869318205038395320e+01
-4.872394645607240449e+01
-4.871428704778217877e+01
-4.873153249098366757e+01
-4.870208640266712052e+01
-4.870380204480270692e+01
-4.873828046532707248e+01
-4.868996534601806303e+01
