7.256520000000000000e+09
7.256528000000000000e+09
7.256536000000000000e+09
7.256544000000000000e+09
7.256552000000000000e+09
7.256560000000000000e+09
7.256568000000000000e+09
7.256576000000000000e+09
7.256584000000000000e+09
7.256592000000000000e+09
7.256600000000000000e+09
7.256608000000000000e+09
7.256616000000000000e+09
7.256624000000000000e+09
7.256632000000000000e+09
7.256640000000000000e+09
7.256648000000000000e+09
7.256656000000000000e+09
7.256664000000000000e+09
7.256672000000000000e+09
7.256680000000000000e+09
7.256688000000000000e+09
7.256696000000000000e+09
7.256704000000000000e+09
7.256712000000000000e+09
7.256720000000000000e+09
7.256728000000000000e+09
7.256736000000000000e+09
7.256744000000000000e+09
7.256752000000000000e+09
7.256760000000000000e+09
7.256768000000000000e+09
7.256776000000000000e+09
7.256784000000000000e+09
7.256792000000000000e+09
7.256800000000000000e+09
7.256808000000000000e+09
7.256816000000000000e+09
7.256824000000000000e+09
7.256832000000000000e+09
7.256840000000000000e+09
7.256848000000000000e+09
7.256856000000000000e+09
7.256864000000000000e+09
7.256872000000000000e+09
7.256880000000000000e+09
7.256888000000000000e+09
7.256896000000000000e+09
7.256904000000000000e+09
7.256912000000000000e+09
7.256920000000000000e+09
7.256928000000000000e+09
7.256936000000000000e+09
7.256944000000000000e+09
7.256952000000000000e+09
7.256960000000000000e+09
7.256968000000000000e+09
7.256976000000000000e+09
7.256984000000000000e+09
7.256992000000000000e+09
7.257000000000000000e+09
7.257008000000000000e+09
7.257016000000000000e+09
7.257024000000000000e+09
7.257032000000000000e+09
7.257040000000000000e+09
7.257048000000000000e+09
7.257056000000000000e+09
7.257064000000000000e+09
7.257072000000000000e+09
7.257080000000000000e+09
7.257088000000000000e+09
7.257096000000000000e+09
7.257104000000000000e+09
7.257112000000000000e+09
7.257120000000000000e+09
7.257128000000000000e+09
7.257136000000000000e+09
7.257144000000000000e+09
7.257152000000000000e+09
7.257160000000000000e+09
7.257168000000000000e+09
7.257176000000000000e+09
7.257184000000000000e+09
7.257192000000000000e+09
7.257200000000000000e+09
7.257208000000000000e+09
7.257216000000000000e+09
7.257224000000000000e+09
7.257232000000000000e+09
7.257240000000000000e+09
7.257248000000000000e+09
7.257256000000000000e+09
7.257264000000000000e+09
7.257272000000000000e+09
7.257280000000000000e+09
7.257288000000000000e+09
7.257296000000000000e+09
7.257304000000000000e+09
7.257312000000000000e+09
7.257320000000000000e+09
7.257328000000000000e+09
7.257336000000000000e+09
7.257344000000000000e+09
7.257352000000000000e+09
7.257360000000000000e+09
7.257368000000000000e+09
7.257376000000000000e+09
7.257384000000000000e+09
7.257392000000000000e+09
7.257400000000000000e+09
7.257408000000000000e+09
7.257416000000000000e+09
7.257424000000000000e+09
7.257432000000000000e+09
7.257440000000000000e+09
7.257448000000000000e+09
7.257456000000000000e+09
7.257464000000000000e+09
7.257472000000000000e+09
7.257480000000000000e+09
7.257488000000000000e+09
7.257496000000000000e+09
7.257504000000000000e+09
7.257512000000000000e+09
7.257520000000000000e+09
7.257528000000000000e+09
7.257536000000000000e+09
7.257544000000000000e+09
7.257552000000000000e+09
7.257560000000000000e+09
7.257568000000000000e+09
7.257576000000000000e+09
7.257584000000000000e+09
7.257592000000000000e+09
7.257600000000000000e+09
7.257608000000000000e+09
7.257616000000000000e+09
7.257624000000000000e+09
7.257632000000000000e+09
7.257640000000000000e+09
7.257648000000000000e+09
7.257656000000000000e+09
7.257664000000000000e+09
7.257672000000000000e+09
7.257680000000000000e+09
7.257688000000000000e+09
7.257696000000000000e+09
7.257704000000000000e+09
7.257712000000000000e+09
7.257720000000000000e+09
7.257728000000000000e+09
7.257736000000000000e+09
7.257744000000000000e+09
7.257752000000000000e+09
7.257760000000000000e+09
7.257768000000000000e+09
7.257776000000000000e+09
7.257784000000000000e+09
7.257792000000000000e+09
7.257800000000000000e+09
7.257808000000000000e+09
7.257816000000000000e+09
7.257824000000000000e+09
7.257832000000000000e+09
7.257840000000000000e+09
7.257848000000000000e+09
7.257856000000000000e+09
7.257864000000000000e+09
7.257872000000000000e+09
7.257880000000000000e+09
7.257888000000000000e+09
7.257896000000000000e+09
7.257904000000000000e+09
7.257912000000000000e+09
7.257920000000000000e+09
7.257928000000000000e+09
7.257936000000000000e+09
7.257944000000000000e+09
7.257952000000000000e+09
7.257960000000000000e+09
7.257968000000000000e+09
7.257976000000000000e+09
7.257984000000000000e+09
7.257992000000000000e+09
7.258000000000000000e+09
7.258008000000000000e+09
7.258016000000000000e+09
7.258024000000000000e+09
7.258032000000000000e+09
7.258040000000000000e+09
7.258048000000000000e+09
7.258056000000000000e+09
7.258064000000000000e+09
7.258072000000000000e+09
7.258080000000000000e+09
7.258088000000000000e+09
7.258096000000000000e+09
7.258104000000000000e+09
7.258112000000000000e+09
7.258120000000000000e+09
7.258128000000000000e+09
7.258136000000000000e+09
7.258144000000000000e+09
7.258152000000000000e+09
7.258160000000000000e+09
7.258168000000000000e+09
7.258176000000000000e+09
7.258184000000000000e+09
7.258192000000000000e+09
7.258200000000000000e+09
7.258208000000000000e+09
7.258216000000000000e+09
7.258224000000000000e+09
7.258232000000000000e+09
7.258240000000000000e+09
7.258248000000000000e+09
7.258256000000000000e+09
7.258264000000000000e+09
7.258272000000000000e+09
7.258280000000000000e+09
7.258288000000000000e+09
7.258296000000000000e+09
7.258304000000000000e+09
7.258312000000000000e+09
7.258320000000000000e+09
7.258328000000000000e+09
7.258336000000000000e+09
7.258344000000000000e+09
7.258352000000000000e+09
7.258360000000000000e+09
7.258368000000000000e+09
7.258376000000000000e+09
7.258384000000000000e+09
7.258392000000000000e+09
7.258400000000000000e+09
7.258408000000000000e+09
7.258416000000000000e+09
7.258424000000000000e+09
7.258432000000000000e+09
7.258440000000000000e+09
7.258448000000000000e+09
7.258456000000000000e+09
7.258464000000000000e+09
7.258472000000000000e+09
7.258480000000000000e+09
7.258488000000000000e+09
7.258496000000000000e+09
7.258504000000000000e+09
7.258512000000000000e+09
7.258520000000000000e+09
