5.644700000000000000e+09
5.644702000000000000e+09
5.644704000000000000e+09
5.644706000000000000e+09
5.644708000000000000e+09
5.644710000000000000e+09
5.644712000000000000e+09
5.644714000000000000e+09
5.644716000000000000e+09
5.644718000000000000e+09
5.644720000000000000e+09
5.644722000000000000e+09
5.644724000000000000e+09
5.644726000000000000e+09
5.644728000000000000e+09
5.644730000000000000e+09
5.644732000000000000e+09
5.644734000000000000e+09
5.644736000000000000e+09
5.644738000000000000e+09
5.644740000000000000e+09
5.644742000000000000e+09
5.644744000000000000e+09
5.644746000000000000e+09
5.644748000000000000e+09
5.644750000000000000e+09
5.644752000000000000e+09
5.644754000000000000e+09
5.644756000000000000e+09
5.644758000000000000e+09
5.644760000000000000e+09
5.644762000000000000e+09
5.644764000000000000e+09
5.644766000000000000e+09
5.644768000000000000e+09
5.644770000000000000e+09
5.644772000000000000e+09
5.644774000000000000e+09
5.644776000000000000e+09
5.644778000000000000e+09
5.644780000000000000e+09
5.644782000000000000e+09
5.644784000000000000e+09
5.644786000000000000e+09
5.644788000000000000e+09
5.644790000000000000e+09
5.644792000000000000e+09
5.644794000000000000e+09
5.644796000000000000e+09
5.644798000000000000e+09
5.644800000000000000e+09
5.644802000000000000e+09
5.644804000000000000e+09
5.644806000000000000e+09
5.644808000000000000e+09
5.644810000000000000e+09
5.644812000000000000e+09
5.644814000000000000e+09
5.644816000000000000e+09
5.644818000000000000e+09
5.644820000000000000e+09
5.644822000000000000e+09
5.644824000000000000e+09
5.644826000000000000e+09
5.644828000000000000e+09
5.644830000000000000e+09
5.644832000000000000e+09
5.644834000000000000e+09
5.644836000000000000e+09
5.644838000000000000e+09
5.644840000000000000e+09
5.644842000000000000e+09
5.644844000000000000e+09
5.644846000000000000e+09
5.644848000000000000e+09
5.644850000000000000e+09
5.644852000000000000e+09
5.644854000000000000e+09
5.644856000000000000e+09
5.644858000000000000e+09
5.644860000000000000e+09
5.644862000000000000e+09
5.644864000000000000e+09
5.644866000000000000e+09
5.644868000000000000e+09
5.644870000000000000e+09
5.644872000000000000e+09
5.644874000000000000e+09
5.644876000000000000e+09
5.644878000000000000e+09
5.644880000000000000e+09
5.644882000000000000e+09
5.644884000000000000e+09
5.644886000000000000e+09
5.644888000000000000e+09
5.644890000000000000e+09
5.644892000000000000e+09
5.644894000000000000e+09
5.644896000000000000e+09
5.644898000000000000e+09
5.644900000000000000e+09
5.644902000000000000e+09
5.644904000000000000e+09
5.644906000000000000e+09
5.644908000000000000e+09
5.644910000000000000e+09
5.644912000000000000e+09
5.644914000000000000e+09
5.644916000000000000e+09
5.644918000000000000e+09
5.644920000000000000e+09
5.644922000000000000e+09
5.644924000000000000e+09
5.644926000000000000e+09
5.644928000000000000e+09
5.644930000000000000e+09
5.644932000000000000e+09
5.644934000000000000e+09
5.644936000000000000e+09
5.644938000000000000e+09
5.644940000000000000e+09
5.644942000000000000e+09
5.644944000000000000e+09
5.644946000000000000e+09
5.644948000000000000e+09
5.644950000000000000e+09
5.644952000000000000e+09
5.644954000000000000e+09
5.644956000000000000e+09
5.644958000000000000e+09
5.644960000000000000e+09
5.644962000000000000e+09
5.644964000000000000e+09
5.644966000000000000e+09
5.644968000000000000e+09
5.644970000000000000e+09
5.644972000000000000e+09
5.644974000000000000e+09
5.644976000000000000e+09
5.644978000000000000e+09
5.644980000000000000e+09
5.644982000000000000e+09
5.644984000000000000e+09
5.644986000000000000e+09
5.644988000000000000e+09
5.644990000000000000e+09
5.644992000000000000e+09
5.644994000000000000e+09
5.644996000000000000e+09
5.644998000000000000e+09
5.645000000000000000e+09
5.645002000000000000e+09
5.645004000000000000e+09
5.645006000000000000e+09
5.645008000000000000e+09
5.645010000000000000e+09
5.645012000000000000e+09
5.645014000000000000e+09
5.645016000000000000e+09
5.645018000000000000e+09
5.645020000000000000e+09
5.645022000000000000e+09
5.645024000000000000e+09
5.645026000000000000e+09
5.645028000000000000e+09
5.645030000000000000e+09
5.645032000000000000e+09
5.645034000000000000e+09
5.645036000000000000e+09
5.645038000000000000e+09
5.645040000000000000e+09
5.645042000000000000e+09
5.645044000000000000e+09
5.645046000000000000e+09
5.645048000000000000e+09
5.645050000000000000e+09
5.645052000000000000e+09
5.645054000000000000e+09
5.645056000000000000e+09
5.645058000000000000e+09
5.645060000000000000e+09
5.645062000000000000e+09
5.645064000000000000e+09
5.645066000000000000e+09
5.645068000000000000e+09
5.645070000000000000e+09
5.645072000000000000e+09
5.645074000000000000e+09
5.645076000000000000e+09
5.645078000000000000e+09
5.645080000000000000e+09
5.645082000000000000e+09
5.645084000000000000e+09
5.645086000000000000e+09
5.645088000000000000e+09
5.645090000000000000e+09
5.645092000000000000e+09
5.645094000000000000e+09
5.645096000000000000e+09
5.645098000000000000e+09
5.645100000000000000e+09
5.645102000000000000e+09
5.645104000000000000e+09
5.645106000000000000e+09
5.645108000000000000e+09
5.645110000000000000e+09
5.645112000000000000e+09
5.645114000000000000e+09
5.645116000000000000e+09
5.645118000000000000e+09
5.645120000000000000e+09
5.645122000000000000e+09
5.645124000000000000e+09
5.645126000000000000e+09
5.645128000000000000e+09
5.645130000000000000e+09
5.645132000000000000e+09
5.645134000000000000e+09
5.645136000000000000e+09
5.645138000000000000e+09
5.645140000000000000e+09
5.645142000000000000e+09
5.645144000000000000e+09
5.645146000000000000e+09
5.645148000000000000e+09
5.645150000000000000e+09
5.645152000000000000e+09
5.645154000000000000e+09
5.645156000000000000e+09
5.645158000000000000e+09
5.645160000000000000e+09
5.645162000000000000e+09
5.645164000000000000e+09
5.645166000000000000e+09
5.645168000000000000e+09
5.645170000000000000e+09
5.645172000000000000e+09
5.645174000000000000e+09
5.645176000000000000e+09
5.645178000000000000e+09
5.645180000000000000e+09
5.645182000000000000e+09
5.645184000000000000e+09
5.645186000000000000e+09
5.645188000000000000e+09
5.645190000000000000e+09
5.645192000000000000e+09
5.645194000000000000e+09
5.645196000000000000e+09
5.645198000000000000e+09
5.645200000000000000e+09
5.645202000000000000e+09
5.645204000000000000e+09
5.645206000000000000e+09
5.645208000000000000e+09
5.645210000000000000e+09
5.645212000000000000e+09
5.645214000000000000e+09
5.645216000000000000e+09
5.645218000000000000e+09
5.645220000000000000e+09
5.645222000000000000e+09
5.645224000000000000e+09
5.645226000000000000e+09
5.645228000000000000e+09
5.645230000000000000e+09
5.645232000000000000e+09
5.645234000000000000e+09
5.645236000000000000e+09
5.645238000000000000e+09
5.645240000000000000e+09
5.645242000000000000e+09
5.645244000000000000e+09
5.645246000000000000e+09
5.645248000000000000e+09
5.645250000000000000e+09
5.645252000000000000e+09
5.645254000000000000e+09
5.645256000000000000e+09
5.645258000000000000e+09
5.645260000000000000e+09
5.645262000000000000e+09
5.645264000000000000e+09
5.645266000000000000e+09
5.645268000000000000e+09
5.645270000000000000e+09
5.645272000000000000e+09
5.645274000000000000e+09
5.645276000000000000e+09
5.645278000000000000e+09
5.645280000000000000e+09
5.645282000000000000e+09
5.645284000000000000e+09
5.645286000000000000e+09
5.645288000000000000e+09
5.645290000000000000e+09
5.645292000000000000e+09
5.645294000000000000e+09
5.645296000000000000e+09
5.645298000000000000e+09
5.645300000000000000e+09
5.645302000000000000e+09
5.645304000000000000e+09
5.645306000000000000e+09
5.645308000000000000e+09
5.645310000000000000e+09
5.645312000000000000e+09
5.645314000000000000e+09
5.645316000000000000e+09
5.645318000000000000e+09
5.645320000000000000e+09
5.645322000000000000e+09
5.645324000000000000e+09
5.645326000000000000e+09
5.645328000000000000e+09
5.645330000000000000e+09
5.645332000000000000e+09
5.645334000000000000e+09
5.645336000000000000e+09
5.645338000000000000e+09
5.645340000000000000e+09
5.645342000000000000e+09
5.645344000000000000e+09
5.645346000000000000e+09
5.645348000000000000e+09
5.645350000000000000e+09
5.645352000000000000e+09
5.645354000000000000e+09
5.645356000000000000e+09
5.645358000000000000e+09
5.645360000000000000e+09
5.645362000000000000e+09
5.645364000000000000e+09
5.645366000000000000e+09
5.645368000000000000e+09
5.645370000000000000e+09
5.645372000000000000e+09
5.645374000000000000e+09
5.645376000000000000e+09
5.645378000000000000e+09
5.645380000000000000e+09
5.645382000000000000e+09
5.645384000000000000e+09
5.645386000000000000e+09
5.645388000000000000e+09
5.645390000000000000e+09
5.645392000000000000e+09
5.645394000000000000e+09
5.645396000000000000e+09
5.645398000000000000e+09
5.645400000000000000e+09
5.645402000000000000e+09
5.645404000000000000e+09
5.645406000000000000e+09
5.645408000000000000e+09
5.645410000000000000e+09
5.645412000000000000e+09
5.645414000000000000e+09
5.645416000000000000e+09
5.645418000000000000e+09
5.645420000000000000e+09
5.645422000000000000e+09
5.645424000000000000e+09
5.645426000000000000e+09
5.645428000000000000e+09
5.645430000000000000e+09
5.645432000000000000e+09
5.645434000000000000e+09
5.645436000000000000e+09
5.645438000000000000e+09
5.645440000000000000e+09
5.645442000000000000e+09
5.645444000000000000e+09
5.645446000000000000e+09
5.645448000000000000e+09
5.645450000000000000e+09
5.645452000000000000e+09
5.645454000000000000e+09
5.645456000000000000e+09
5.645458000000000000e+09
5.645460000000000000e+09
5.645462000000000000e+09
5.645464000000000000e+09
5.645466000000000000e+09
5.645468000000000000e+09
5.645470000000000000e+09
5.645472000000000000e+09
5.645474000000000000e+09
5.645476000000000000e+09
5.645478000000000000e+09
5.645480000000000000e+09
5.645482000000000000e+09
5.645484000000000000e+09
5.645486000000000000e+09
5.645488000000000000e+09
5.645490000000000000e+09
5.645492000000000000e+09
5.645494000000000000e+09
5.645496000000000000e+09
5.645498000000000000e+09
5.645500000000000000e+09
5.645502000000000000e+09
5.645504000000000000e+09
5.645506000000000000e+09
5.645508000000000000e+09
5.645510000000000000e+09
5.645512000000000000e+09
5.645514000000000000e+09
5.645516000000000000e+09
5.645518000000000000e+09
5.645520000000000000e+09
5.645522000000000000e+09
5.645524000000000000e+09
5.645526000000000000e+09
5.645528000000000000e+09
5.645530000000000000e+09
5.645532000000000000e+09
5.645534000000000000e+09
5.645536000000000000e+09
5.645538000000000000e+09
5.645540000000000000e+09
5.645542000000000000e+09
5.645544000000000000e+09
5.645546000000000000e+09
5.645548000000000000e+09
5.645550000000000000e+09
5.645552000000000000e+09
5.645554000000000000e+09
5.645556000000000000e+09
5.645558000000000000e+09
5.645560000000000000e+09
5.645562000000000000e+09
5.645564000000000000e+09
5.645566000000000000e+09
5.645568000000000000e+09
5.645570000000000000e+09
5.645572000000000000e+09
5.645574000000000000e+09
5.645576000000000000e+09
5.645578000000000000e+09
5.645580000000000000e+09
5.645582000000000000e+09
5.645584000000000000e+09
5.645586000000000000e+09
5.645588000000000000e+09
5.645590000000000000e+09
5.645592000000000000e+09
5.645594000000000000e+09
5.645596000000000000e+09
5.645598000000000000e+09
5.645600000000000000e+09
5.645602000000000000e+09
5.645604000000000000e+09
5.645606000000000000e+09
5.645608000000000000e+09
5.645610000000000000e+09
5.645612000000000000e+09
5.645614000000000000e+09
5.645616000000000000e+09
5.645618000000000000e+09
5.645620000000000000e+09
5.645622000000000000e+09
5.645624000000000000e+09
5.645626000000000000e+09
5.645628000000000000e+09
5.645630000000000000e+09
5.645632000000000000e+09
5.645634000000000000e+09
5.645636000000000000e+09
5.645638000000000000e+09
5.645640000000000000e+09
5.645642000000000000e+09
5.645644000000000000e+09
5.645646000000000000e+09
5.645648000000000000e+09
5.645650000000000000e+09
5.645652000000000000e+09
5.645654000000000000e+09
5.645656000000000000e+09
5.645658000000000000e+09
5.645660000000000000e+09
5.645662000000000000e+09
5.645664000000000000e+09
5.645666000000000000e+09
5.645668000000000000e+09
5.645670000000000000e+09
5.645672000000000000e+09
5.645674000000000000e+09
5.645676000000000000e+09
5.645678000000000000e+09
5.645680000000000000e+09
5.645682000000000000e+09
5.645684000000000000e+09
5.645686000000000000e+09
5.645688000000000000e+09
5.645690000000000000e+09
5.645692000000000000e+09
5.645694000000000000e+09
5.645696000000000000e+09
5.645698000000000000e+09
5.645700000000000000e+09
5.645702000000000000e+09
5.645704000000000000e+09
5.645706000000000000e+09
5.645708000000000000e+09
5.645710000000000000e+09
5.645712000000000000e+09
5.645714000000000000e+09
5.645716000000000000e+09
5.645718000000000000e+09
5.645720000000000000e+09
5.645722000000000000e+09
5.645724000000000000e+09
5.645726000000000000e+09
5.645728000000000000e+09
5.645730000000000000e+09
5.645732000000000000e+09
5.645734000000000000e+09
5.645736000000000000e+09
5.645738000000000000e+09
5.645740000000000000e+09
5.645742000000000000e+09
5.645744000000000000e+09
5.645746000000000000e+09
5.645748000000000000e+09
5.645750000000000000e+09
5.645752000000000000e+09
5.645754000000000000e+09
5.645756000000000000e+09
5.645758000000000000e+09
5.645760000000000000e+09
5.645762000000000000e+09
5.645764000000000000e+09
5.645766000000000000e+09
5.645768000000000000e+09
5.645770000000000000e+09
5.645772000000000000e+09
5.645774000000000000e+09
5.645776000000000000e+09
5.645778000000000000e+09
5.645780000000000000e+09
5.645782000000000000e+09
5.645784000000000000e+09
5.645786000000000000e+09
5.645788000000000000e+09
5.645790000000000000e+09
5.645792000000000000e+09
5.645794000000000000e+09
5.645796000000000000e+09
5.645798000000000000e+09
5.645800000000000000e+09
5.645802000000000000e+09
5.645804000000000000e+09
5.645806000000000000e+09
5.645808000000000000e+09
5.645810000000000000e+09
5.645812000000000000e+09
5.645814000000000000e+09
5.645816000000000000e+09
5.645818000000000000e+09
5.645820000000000000e+09
5.645822000000000000e+09
5.645824000000000000e+09
5.645826000000000000e+09
5.645828000000000000e+09
5.645830000000000000e+09
5.645832000000000000e+09
5.645834000000000000e+09
5.645836000000000000e+09
5.645838000000000000e+09
5.645840000000000000e+09
5.645842000000000000e+09
5.645844000000000000e+09
5.645846000000000000e+09
5.645848000000000000e+09
5.645850000000000000e+09
5.645852000000000000e+09
5.645854000000000000e+09
5.645856000000000000e+09
5.645858000000000000e+09
5.645860000000000000e+09
5.645862000000000000e+09
5.645864000000000000e+09
5.645866000000000000e+09
5.645868000000000000e+09
5.645870000000000000e+09
5.645872000000000000e+09
5.645874000000000000e+09
5.645876000000000000e+09
5.645878000000000000e+09
5.645880000000000000e+09
5.645882000000000000e+09
5.645884000000000000e+09
5.645886000000000000e+09
5.645888000000000000e+09
5.645890000000000000e+09
5.645892000000000000e+09
5.645894000000000000e+09
5.645896000000000000e+09
5.645898000000000000e+09
5.645900000000000000e+09
5.645902000000000000e+09
5.645904000000000000e+09
5.645906000000000000e+09
5.645908000000000000e+09
5.645910000000000000e+09
5.645912000000000000e+09
5.645914000000000000e+09
5.645916000000000000e+09
5.645918000000000000e+09
5.645920000000000000e+09
5.645922000000000000e+09
5.645924000000000000e+09
5.645926000000000000e+09
5.645928000000000000e+09
5.645930000000000000e+09
5.645932000000000000e+09
5.645934000000000000e+09
5.645936000000000000e+09
5.645938000000000000e+09
5.645940000000000000e+09
5.645942000000000000e+09
5.645944000000000000e+09
5.645946000000000000e+09
5.645948000000000000e+09
5.645950000000000000e+09
5.645952000000000000e+09
5.645954000000000000e+09
5.645956000000000000e+09
5.645958000000000000e+09
5.645960000000000000e+09
5.645962000000000000e+09
5.645964000000000000e+09
5.645966000000000000e+09
5.645968000000000000e+09
5.645970000000000000e+09
5.645972000000000000e+09
5.645974000000000000e+09
5.645976000000000000e+09
5.645978000000000000e+09
5.645980000000000000e+09
5.645982000000000000e+09
5.645984000000000000e+09
5.645986000000000000e+09
5.645988000000000000e+09
5.645990000000000000e+09
5.645992000000000000e+09
5.645994000000000000e+09
5.645996000000000000e+09
5.645998000000000000e+09
5.646000000000000000e+09
5.646002000000000000e+09
5.646004000000000000e+09
5.646006000000000000e+09
5.646008000000000000e+09
5.646010000000000000e+09
5.646012000000000000e+09
5.646014000000000000e+09
5.646016000000000000e+09
5.646018000000000000e+09
5.646020000000000000e+09
5.646022000000000000e+09
5.646024000000000000e+09
5.646026000000000000e+09
5.646028000000000000e+09
5.646030000000000000e+09
5.646032000000000000e+09
5.646034000000000000e+09
5.646036000000000000e+09
5.646038000000000000e+09
5.646040000000000000e+09
5.646042000000000000e+09
5.646044000000000000e+09
5.646046000000000000e+09
5.646048000000000000e+09
5.646050000000000000e+09
5.646052000000000000e+09
5.646054000000000000e+09
5.646056000000000000e+09
5.646058000000000000e+09
5.646060000000000000e+09
5.646062000000000000e+09
5.646064000000000000e+09
5.646066000000000000e+09
5.646068000000000000e+09
5.646070000000000000e+09
5.646072000000000000e+09
5.646074000000000000e+09
5.646076000000000000e+09
5.646078000000000000e+09
5.646080000000000000e+09
5.646082000000000000e+09
5.646084000000000000e+09
5.646086000000000000e+09
5.646088000000000000e+09
5.646090000000000000e+09
5.646092000000000000e+09
5.646094000000000000e+09
5.646096000000000000e+09
5.646098000000000000e+09
5.646100000000000000e+09
5.646102000000000000e+09
5.646104000000000000e+09
5.646106000000000000e+09
5.646108000000000000e+09
5.646110000000000000e+09
5.646112000000000000e+09
5.646114000000000000e+09
5.646116000000000000e+09
5.646118000000000000e+09
5.646120000000000000e+09
5.646122000000000000e+09
5.646124000000000000e+09
5.646126000000000000e+09
5.646128000000000000e+09
5.646130000000000000e+09
5.646132000000000000e+09
5.646134000000000000e+09
5.646136000000000000e+09
5.646138000000000000e+09
5.646140000000000000e+09
5.646142000000000000e+09
5.646144000000000000e+09
5.646146000000000000e+09
5.646148000000000000e+09
5.646150000000000000e+09
5.646152000000000000e+09
5.646154000000000000e+09
5.646156000000000000e+09
5.646158000000000000e+09
5.646160000000000000e+09
5.646162000000000000e+09
5.646164000000000000e+09
5.646166000000000000e+09
5.646168000000000000e+09
5.646170000000000000e+09
5.646172000000000000e+09
5.646174000000000000e+09
5.646176000000000000e+09
5.646178000000000000e+09
5.646180000000000000e+09
5.646182000000000000e+09
5.646184000000000000e+09
5.646186000000000000e+09
5.646188000000000000e+09
5.646190000000000000e+09
5.646192000000000000e+09
5.646194000000000000e+09
5.646196000000000000e+09
5.646198000000000000e+09
5.646200000000000000e+09
5.646202000000000000e+09
5.646204000000000000e+09
5.646206000000000000e+09
5.646208000000000000e+09
5.646210000000000000e+09
5.646212000000000000e+09
5.646214000000000000e+09
5.646216000000000000e+09
5.646218000000000000e+09
5.646220000000000000e+09
5.646222000000000000e+09
5.646224000000000000e+09
5.646226000000000000e+09
5.646228000000000000e+09
5.646230000000000000e+09
5.646232000000000000e+09
5.646234000000000000e+09
5.646236000000000000e+09
5.646238000000000000e+09
5.646240000000000000e+09
5.646242000000000000e+09
5.646244000000000000e+09
5.646246000000000000e+09
5.646248000000000000e+09
5.646250000000000000e+09
5.646252000000000000e+09
5.646254000000000000e+09
5.646256000000000000e+09
5.646258000000000000e+09
5.646260000000000000e+09
5.646262000000000000e+09
5.646264000000000000e+09
5.646266000000000000e+09
5.646268000000000000e+09
5.646270000000000000e+09
5.646272000000000000e+09
5.646274000000000000e+09
5.646276000000000000e+09
5.646278000000000000e+09
5.646280000000000000e+09
5.646282000000000000e+09
5.646284000000000000e+09
5.646286000000000000e+09
5.646288000000000000e+09
5.646290000000000000e+09
5.646292000000000000e+09
5.646294000000000000e+09
5.646296000000000000e+09
5.646298000000000000e+09
5.646300000000000000e+09
5.646302000000000000e+09
5.646304000000000000e+09
5.646306000000000000e+09
5.646308000000000000e+09
5.646310000000000000e+09
5.646312000000000000e+09
5.646314000000000000e+09
5.646316000000000000e+09
5.646318000000000000e+09
5.646320000000000000e+09
5.646322000000000000e+09
5.646324000000000000e+09
5.646326000000000000e+09
5.646328000000000000e+09
5.646330000000000000e+09
5.646332000000000000e+09
5.646334000000000000e+09
5.646336000000000000e+09
5.646338000000000000e+09
5.646340000000000000e+09
5.646342000000000000e+09
5.646344000000000000e+09
5.646346000000000000e+09
5.646348000000000000e+09
5.646350000000000000e+09
5.646352000000000000e+09
5.646354000000000000e+09
5.646356000000000000e+09
5.646358000000000000e+09
5.646360000000000000e+09
5.646362000000000000e+09
5.646364000000000000e+09
5.646366000000000000e+09
5.646368000000000000e+09
5.646370000000000000e+09
5.646372000000000000e+09
5.646374000000000000e+09
5.646376000000000000e+09
5.646378000000000000e+09
5.646380000000000000e+09
5.646382000000000000e+09
5.646384000000000000e+09
5.646386000000000000e+09
5.646388000000000000e+09
5.646390000000000000e+09
5.646392000000000000e+09
5.646394000000000000e+09
5.646396000000000000e+09
5.646398000000000000e+09
5.646400000000000000e+09
5.646402000000000000e+09
5.646404000000000000e+09
5.646406000000000000e+09
5.646408000000000000e+09
5.646410000000000000e+09
5.646412000000000000e+09
5.646414000000000000e+09
5.646416000000000000e+09
5.646418000000000000e+09
5.646420000000000000e+09
5.646422000000000000e+09
5.646424000000000000e+09
5.646426000000000000e+09
5.646428000000000000e+09
5.646430000000000000e+09
5.646432000000000000e+09
5.646434000000000000e+09
5.646436000000000000e+09
5.646438000000000000e+09
5.646440000000000000e+09
5.646442000000000000e+09
5.646444000000000000e+09
5.646446000000000000e+09
5.646448000000000000e+09
5.646450000000000000e+09
5.646452000000000000e+09
5.646454000000000000e+09
5.646456000000000000e+09
5.646458000000000000e+09
5.646460000000000000e+09
5.646462000000000000e+09
5.646464000000000000e+09
5.646466000000000000e+09
5.646468000000000000e+09
5.646470000000000000e+09
5.646472000000000000e+09
5.646474000000000000e+09
5.646476000000000000e+09
5.646478000000000000e+09
5.646480000000000000e+09
5.646482000000000000e+09
5.646484000000000000e+09
5.646486000000000000e+09
5.646488000000000000e+09
5.646490000000000000e+09
5.646492000000000000e+09
5.646494000000000000e+09
5.646496000000000000e+09
5.646498000000000000e+09
5.646500000000000000e+09
5.646502000000000000e+09
5.646504000000000000e+09
5.646506000000000000e+09
5.646508000000000000e+09
5.646510000000000000e+09
5.646512000000000000e+09
5.646514000000000000e+09
5.646516000000000000e+09
5.646518000000000000e+09
5.646520000000000000e+09
5.646522000000000000e+09
5.646524000000000000e+09
5.646526000000000000e+09
5.646528000000000000e+09
5.646530000000000000e+09
5.646532000000000000e+09
5.646534000000000000e+09
5.646536000000000000e+09
5.646538000000000000e+09
5.646540000000000000e+09
5.646542000000000000e+09
5.646544000000000000e+09
5.646546000000000000e+09
5.646548000000000000e+09
5.646550000000000000e+09
5.646552000000000000e+09
5.646554000000000000e+09
5.646556000000000000e+09
5.646558000000000000e+09
5.646560000000000000e+09
5.646562000000000000e+09
5.646564000000000000e+09
5.646566000000000000e+09
5.646568000000000000e+09
5.646570000000000000e+09
5.646572000000000000e+09
5.646574000000000000e+09
5.646576000000000000e+09
5.646578000000000000e+09
5.646580000000000000e+09
5.646582000000000000e+09
5.646584000000000000e+09
5.646586000000000000e+09
5.646588000000000000e+09
5.646590000000000000e+09
5.646592000000000000e+09
5.646594000000000000e+09
5.646596000000000000e+09
5.646598000000000000e+09
5.646600000000000000e+09
5.646602000000000000e+09
5.646604000000000000e+09
5.646606000000000000e+09
5.646608000000000000e+09
5.646610000000000000e+09
5.646612000000000000e+09
5.646614000000000000e+09
5.646616000000000000e+09
5.646618000000000000e+09
5.646620000000000000e+09
5.646622000000000000e+09
5.646624000000000000e+09
5.646626000000000000e+09
5.646628000000000000e+09
5.646630000000000000e+09
5.646632000000000000e+09
5.646634000000000000e+09
5.646636000000000000e+09
5.646638000000000000e+09
5.646640000000000000e+09
5.646642000000000000e+09
5.646644000000000000e+09
5.646646000000000000e+09
5.646648000000000000e+09
5.646650000000000000e+09
5.646652000000000000e+09
5.646654000000000000e+09
5.646656000000000000e+09
5.646658000000000000e+09
5.646660000000000000e+09
5.646662000000000000e+09
5.646664000000000000e+09
5.646666000000000000e+09
5.646668000000000000e+09
5.646670000000000000e+09
5.646672000000000000e+09
5.646674000000000000e+09
5.646676000000000000e+09
5.646678000000000000e+09
5.646680000000000000e+09
5.646682000000000000e+09
5.646684000000000000e+09
5.646686000000000000e+09
5.646688000000000000e+09
5.646690000000000000e+09
5.646692000000000000e+09
5.646694000000000000e+09
5.646696000000000000e+09
5.646698000000000000e+09
5.646700000000000000e+09
