5.359040000000000000e+09
5.359048000000000000e+09
5.359056000000000000e+09
5.359064000000000000e+09
5.359072000000000000e+09
5.359080000000000000e+09
5.359088000000000000e+09
5.359096000000000000e+09
5.359104000000000000e+09
5.359112000000000000e+09
5.359120000000000000e+09
5.359128000000000000e+09
5.359136000000000000e+09
5.359144000000000000e+09
5.359152000000000000e+09
5.359160000000000000e+09
5.359168000000000000e+09
5.359176000000000000e+09
5.359184000000000000e+09
5.359192000000000000e+09
5.359200000000000000e+09
5.359208000000000000e+09
5.359216000000000000e+09
5.359224000000000000e+09
5.359232000000000000e+09
5.359240000000000000e+09
5.359248000000000000e+09
5.359256000000000000e+09
5.359264000000000000e+09
5.359272000000000000e+09
5.359280000000000000e+09
5.359288000000000000e+09
5.359296000000000000e+09
5.359304000000000000e+09
5.359312000000000000e+09
5.359320000000000000e+09
5.359328000000000000e+09
5.359336000000000000e+09
5.359344000000000000e+09
5.359352000000000000e+09
5.359360000000000000e+09
5.359368000000000000e+09
5.359376000000000000e+09
5.359384000000000000e+09
5.359392000000000000e+09
5.359400000000000000e+09
5.359408000000000000e+09
5.359416000000000000e+09
5.359424000000000000e+09
5.359432000000000000e+09
5.359440000000000000e+09
5.359448000000000000e+09
5.359456000000000000e+09
5.359464000000000000e+09
5.359472000000000000e+09
5.359480000000000000e+09
5.359488000000000000e+09
5.359496000000000000e+09
5.359504000000000000e+09
5.359512000000000000e+09
5.359520000000000000e+09
5.359528000000000000e+09
5.359536000000000000e+09
5.359544000000000000e+09
5.359552000000000000e+09
5.359560000000000000e+09
5.359568000000000000e+09
5.359576000000000000e+09
5.359584000000000000e+09
5.359592000000000000e+09
5.359600000000000000e+09
5.359608000000000000e+09
5.359616000000000000e+09
5.359624000000000000e+09
5.359632000000000000e+09
5.359640000000000000e+09
5.359648000000000000e+09
5.359656000000000000e+09
5.359664000000000000e+09
5.359672000000000000e+09
5.359680000000000000e+09
5.359688000000000000e+09
5.359696000000000000e+09
5.359704000000000000e+09
5.359712000000000000e+09
5.359720000000000000e+09
5.359728000000000000e+09
5.359736000000000000e+09
5.359744000000000000e+09
5.359752000000000000e+09
5.359760000000000000e+09
5.359768000000000000e+09
5.359776000000000000e+09
5.359784000000000000e+09
5.359792000000000000e+09
5.359800000000000000e+09
5.359808000000000000e+09
5.359816000000000000e+09
5.359824000000000000e+09
5.359832000000000000e+09
5.359840000000000000e+09
5.359848000000000000e+09
5.359856000000000000e+09
5.359864000000000000e+09
5.359872000000000000e+09
5.359880000000000000e+09
5.359888000000000000e+09
5.359896000000000000e+09
5.359904000000000000e+09
5.359912000000000000e+09
5.359920000000000000e+09
5.359928000000000000e+09
5.359936000000000000e+09
5.359944000000000000e+09
5.359952000000000000e+09
5.359960000000000000e+09
5.359968000000000000e+09
5.359976000000000000e+09
5.359984000000000000e+09
5.359992000000000000e+09
5.360000000000000000e+09
5.360008000000000000e+09
5.360016000000000000e+09
5.360024000000000000e+09
5.360032000000000000e+09
5.360040000000000000e+09
5.360048000000000000e+09
5.360056000000000000e+09
5.360064000000000000e+09
5.360072000000000000e+09
5.360080000000000000e+09
5.360088000000000000e+09
5.360096000000000000e+09
5.360104000000000000e+09
5.360112000000000000e+09
5.360120000000000000e+09
5.360128000000000000e+09
5.360136000000000000e+09
5.360144000000000000e+09
5.360152000000000000e+09
5.360160000000000000e+09
5.360168000000000000e+09
5.360176000000000000e+09
5.360184000000000000e+09
5.360192000000000000e+09
5.360200000000000000e+09
5.360208000000000000e+09
5.360216000000000000e+09
5.360224000000000000e+09
5.360232000000000000e+09
5.360240000000000000e+09
5.360248000000000000e+09
5.360256000000000000e+09
5.360264000000000000e+09
5.360272000000000000e+09
5.360280000000000000e+09
5.360288000000000000e+09
5.360296000000000000e+09
5.360304000000000000e+09
5.360312000000000000e+09
5.360320000000000000e+09
5.360328000000000000e+09
5.360336000000000000e+09
5.360344000000000000e+09
5.360352000000000000e+09
5.360360000000000000e+09
5.360368000000000000e+09
5.360376000000000000e+09
5.360384000000000000e+09
5.360392000000000000e+09
5.360400000000000000e+09
5.360408000000000000e+09
5.360416000000000000e+09
5.360424000000000000e+09
5.360432000000000000e+09
5.360440000000000000e+09
5.360448000000000000e+09
5.360456000000000000e+09
5.360464000000000000e+09
5.360472000000000000e+09
5.360480000000000000e+09
5.360488000000000000e+09
5.360496000000000000e+09
5.360504000000000000e+09
5.360512000000000000e+09
5.360520000000000000e+09
5.360528000000000000e+09
5.360536000000000000e+09
5.360544000000000000e+09
5.360552000000000000e+09
5.360560000000000000e+09
5.360568000000000000e+09
5.360576000000000000e+09
5.360584000000000000e+09
5.360592000000000000e+09
5.360600000000000000e+09
5.360608000000000000e+09
5.360616000000000000e+09
5.360624000000000000e+09
5.360632000000000000e+09
5.360640000000000000e+09
5.360648000000000000e+09
5.360656000000000000e+09
5.360664000000000000e+09
5.360672000000000000e+09
5.360680000000000000e+09
5.360688000000000000e+09
5.360696000000000000e+09
5.360704000000000000e+09
5.360712000000000000e+09
5.360720000000000000e+09
5.360728000000000000e+09
5.360736000000000000e+09
5.360744000000000000e+09
5.360752000000000000e+09
5.360760000000000000e+09
5.360768000000000000e+09
5.360776000000000000e+09
5.360784000000000000e+09
5.360792000000000000e+09
5.360800000000000000e+09
5.360808000000000000e+09
5.360816000000000000e+09
5.360824000000000000e+09
5.360832000000000000e+09
5.360840000000000000e+09
5.360848000000000000e+09
5.360856000000000000e+09
5.360864000000000000e+09
5.360872000000000000e+09
5.360880000000000000e+09
5.360888000000000000e+09
5.360896000000000000e+09
5.360904000000000000e+09
5.360912000000000000e+09
5.360920000000000000e+09
5.360928000000000000e+09
5.360936000000000000e+09
5.360944000000000000e+09
5.360952000000000000e+09
5.360960000000000000e+09
5.360968000000000000e+09
5.360976000000000000e+09
5.360984000000000000e+09
5.360992000000000000e+09
5.361000000000000000e+09
5.361008000000000000e+09
5.361016000000000000e+09
5.361024000000000000e+09
5.361032000000000000e+09
5.361040000000000000e+09
