5.358811000000000000e+09
5.358813500000000000e+09
5.358816000000000000e+09
5.358818500000000000e+09
5.358821000000000000e+09
5.358823500000000000e+09
5.358826000000000000e+09
5.358828500000000000e+09
5.358831000000000000e+09
5.358833500000000000e+09
5.358836000000000000e+09
5.358838500000000000e+09
5.358841000000000000e+09
5.358843500000000000e+09
5.358846000000000000e+09
5.358848500000000000e+09
5.358851000000000000e+09
5.358853500000000000e+09
5.358856000000000000e+09
5.358858500000000000e+09
5.358861000000000000e+09
5.358863500000000000e+09
5.358866000000000000e+09
5.358868500000000000e+09
5.358871000000000000e+09
5.358873500000000000e+09
5.358876000000000000e+09
5.358878500000000000e+09
5.358881000000000000e+09
5.358883500000000000e+09
5.358886000000000000e+09
5.358888500000000000e+09
5.358891000000000000e+09
5.358893500000000000e+09
5.358896000000000000e+09
5.358898500000000000e+09
5.358901000000000000e+09
5.358903500000000000e+09
5.358906000000000000e+09
5.358908500000000000e+09
5.358911000000000000e+09
5.358913500000000000e+09
5.358916000000000000e+09
5.358918500000000000e+09
5.358921000000000000e+09
5.358923500000000000e+09
5.358926000000000000e+09
5.358928500000000000e+09
5.358931000000000000e+09
5.358933500000000000e+09
5.358936000000000000e+09
5.358938500000000000e+09
5.358941000000000000e+09
5.358943500000000000e+09
5.358946000000000000e+09
5.358948500000000000e+09
5.358951000000000000e+09
5.358953500000000000e+09
5.358956000000000000e+09
5.358958500000000000e+09
5.358961000000000000e+09
5.358963500000000000e+09
5.358966000000000000e+09
5.358968500000000000e+09
5.358971000000000000e+09
5.358973500000000000e+09
5.358976000000000000e+09
5.358978500000000000e+09
5.358981000000000000e+09
5.358983500000000000e+09
5.358986000000000000e+09
5.358988500000000000e+09
5.358991000000000000e+09
5.358993500000000000e+09
5.358996000000000000e+09
5.358998500000000000e+09
5.359001000000000000e+09
5.359003500000000000e+09
5.359006000000000000e+09
5.359008500000000000e+09
5.359011000000000000e+09
5.359013500000000000e+09
5.359016000000000000e+09
5.359018500000000000e+09
5.359021000000000000e+09
5.359023500000000000e+09
5.359026000000000000e+09
5.359028500000000000e+09
5.359031000000000000e+09
5.359033500000000000e+09
5.359036000000000000e+09
5.359038500000000000e+09
5.359041000000000000e+09
5.359043500000000000e+09
5.359046000000000000e+09
5.359048500000000000e+09
5.359051000000000000e+09
5.359053500000000000e+09
5.359056000000000000e+09
5.359058500000000000e+09
5.359061000000000000e+09
5.359063500000000000e+09
5.359066000000000000e+09
5.359068500000000000e+09
5.359071000000000000e+09
5.359073500000000000e+09
5.359076000000000000e+09
5.359078500000000000e+09
5.359081000000000000e+09
5.359083500000000000e+09
5.359086000000000000e+09
5.359088500000000000e+09
5.359091000000000000e+09
5.359093500000000000e+09
5.359096000000000000e+09
5.359098500000000000e+09
5.359101000000000000e+09
5.359103500000000000e+09
5.359106000000000000e+09
5.359108500000000000e+09
5.359111000000000000e+09
5.359113500000000000e+09
5.359116000000000000e+09
5.359118500000000000e+09
5.359121000000000000e+09
5.359123500000000000e+09
5.359126000000000000e+09
5.359128500000000000e+09
5.359131000000000000e+09
5.359133500000000000e+09
5.359136000000000000e+09
5.359138500000000000e+09
5.359141000000000000e+09
5.359143500000000000e+09
5.359146000000000000e+09
5.359148500000000000e+09
5.359151000000000000e+09
5.359153500000000000e+09
5.359156000000000000e+09
5.359158500000000000e+09
5.359161000000000000e+09
5.359163500000000000e+09
5.359166000000000000e+09
5.359168500000000000e+09
5.359171000000000000e+09
5.359173500000000000e+09
5.359176000000000000e+09
5.359178500000000000e+09
5.359181000000000000e+09
5.359183500000000000e+09
5.359186000000000000e+09
5.359188500000000000e+09
5.359191000000000000e+09
5.359193500000000000e+09
5.359196000000000000e+09
5.359198500000000000e+09
5.359201000000000000e+09
5.359203500000000000e+09
5.359206000000000000e+09
5.359208500000000000e+09
5.359211000000000000e+09
5.359213500000000000e+09
5.359216000000000000e+09
5.359218500000000000e+09
5.359221000000000000e+09
5.359223500000000000e+09
5.359226000000000000e+09
5.359228500000000000e+09
5.359231000000000000e+09
5.359233500000000000e+09
5.359236000000000000e+09
5.359238500000000000e+09
5.359241000000000000e+09
5.359243500000000000e+09
5.359246000000000000e+09
5.359248500000000000e+09
5.359251000000000000e+09
5.359253500000000000e+09
5.359256000000000000e+09
5.359258500000000000e+09
5.359261000000000000e+09
5.359263500000000000e+09
5.359266000000000000e+09
5.359268500000000000e+09
5.359271000000000000e+09
5.359273500000000000e+09
5.359276000000000000e+09
5.359278500000000000e+09
5.359281000000000000e+09
5.359283500000000000e+09
5.359286000000000000e+09
5.359288500000000000e+09
5.359291000000000000e+09
5.359293500000000000e+09
5.359296000000000000e+09
5.359298500000000000e+09
5.359301000000000000e+09
5.359303500000000000e+09
5.359306000000000000e+09
5.359308500000000000e+09
5.359311000000000000e+09
5.359313500000000000e+09
5.359316000000000000e+09
5.359318500000000000e+09
5.359321000000000000e+09
5.359323500000000000e+09
5.359326000000000000e+09
5.359328500000000000e+09
5.359331000000000000e+09
5.359333500000000000e+09
5.359336000000000000e+09
5.359338500000000000e+09
5.359341000000000000e+09
5.359343500000000000e+09
5.359346000000000000e+09
5.359348500000000000e+09
5.359351000000000000e+09
5.359353500000000000e+09
5.359356000000000000e+09
5.359358500000000000e+09
5.359361000000000000e+09
5.359363500000000000e+09
5.359366000000000000e+09
5.359368500000000000e+09
5.359371000000000000e+09
5.359373500000000000e+09
5.359376000000000000e+09
5.359378500000000000e+09
5.359381000000000000e+09
5.359383500000000000e+09
5.359386000000000000e+09
5.359388500000000000e+09
5.359391000000000000e+09
5.359393500000000000e+09
5.359396000000000000e+09
5.359398500000000000e+09
5.359401000000000000e+09
5.359403500000000000e+09
5.359406000000000000e+09
5.359408500000000000e+09
5.359411000000000000e+09
5.359413500000000000e+09
5.359416000000000000e+09
5.359418500000000000e+09
5.359421000000000000e+09
5.359423500000000000e+09
5.359426000000000000e+09
5.359428500000000000e+09
5.359431000000000000e+09
5.359433500000000000e+09
5.359436000000000000e+09
5.359438500000000000e+09
5.359441000000000000e+09
5.359443500000000000e+09
5.359446000000000000e+09
5.359448500000000000e+09
5.359451000000000000e+09
5.359453500000000000e+09
5.359456000000000000e+09
5.359458500000000000e+09
5.359461000000000000e+09
5.359463500000000000e+09
5.359466000000000000e+09
5.359468500000000000e+09
5.359471000000000000e+09
5.359473500000000000e+09
5.359476000000000000e+09
5.359478500000000000e+09
5.359481000000000000e+09
5.359483500000000000e+09
5.359486000000000000e+09
5.359488500000000000e+09
5.359491000000000000e+09
5.359493500000000000e+09
5.359496000000000000e+09
5.359498500000000000e+09
5.359501000000000000e+09
5.359503500000000000e+09
5.359506000000000000e+09
5.359508500000000000e+09
5.359511000000000000e+09
5.359513500000000000e+09
5.359516000000000000e+09
5.359518500000000000e+09
5.359521000000000000e+09
5.359523500000000000e+09
5.359526000000000000e+09
5.359528500000000000e+09
5.359531000000000000e+09
5.359533500000000000e+09
5.359536000000000000e+09
5.359538500000000000e+09
5.359541000000000000e+09
5.359543500000000000e+09
5.359546000000000000e+09
5.359548500000000000e+09
5.359551000000000000e+09
5.359553500000000000e+09
5.359556000000000000e+09
5.359558500000000000e+09
5.359561000000000000e+09
5.359563500000000000e+09
5.359566000000000000e+09
5.359568500000000000e+09
5.359571000000000000e+09
5.359573500000000000e+09
5.359576000000000000e+09
5.359578500000000000e+09
5.359581000000000000e+09
5.359583500000000000e+09
5.359586000000000000e+09
5.359588500000000000e+09
5.359591000000000000e+09
5.359593500000000000e+09
5.359596000000000000e+09
5.359598500000000000e+09
5.359601000000000000e+09
5.359603500000000000e+09
5.359606000000000000e+09
5.359608500000000000e+09
5.359611000000000000e+09
5.359613500000000000e+09
5.359616000000000000e+09
5.359618500000000000e+09
5.359621000000000000e+09
5.359623500000000000e+09
5.359626000000000000e+09
5.359628500000000000e+09
5.359631000000000000e+09
5.359633500000000000e+09
5.359636000000000000e+09
5.359638500000000000e+09
5.359641000000000000e+09
5.359643500000000000e+09
5.359646000000000000e+09
5.359648500000000000e+09
5.359651000000000000e+09
5.359653500000000000e+09
5.359656000000000000e+09
5.359658500000000000e+09
5.359661000000000000e+09
5.359663500000000000e+09
5.359666000000000000e+09
5.359668500000000000e+09
5.359671000000000000e+09
5.359673500000000000e+09
5.359676000000000000e+09
5.359678500000000000e+09
5.359681000000000000e+09
5.359683500000000000e+09
5.359686000000000000e+09
5.359688500000000000e+09
5.359691000000000000e+09
5.359693500000000000e+09
5.359696000000000000e+09
5.359698500000000000e+09
5.359701000000000000e+09
5.359703500000000000e+09
5.359706000000000000e+09
5.359708500000000000e+09
5.359711000000000000e+09
5.359713500000000000e+09
5.359716000000000000e+09
5.359718500000000000e+09
5.359721000000000000e+09
5.359723500000000000e+09
5.359726000000000000e+09
5.359728500000000000e+09
5.359731000000000000e+09
5.359733500000000000e+09
5.359736000000000000e+09
5.359738500000000000e+09
5.359741000000000000e+09
5.359743500000000000e+09
5.359746000000000000e+09
5.359748500000000000e+09
5.359751000000000000e+09
5.359753500000000000e+09
5.359756000000000000e+09
5.359758500000000000e+09
5.359761000000000000e+09
5.359763500000000000e+09
5.359766000000000000e+09
5.359768500000000000e+09
5.359771000000000000e+09
5.359773500000000000e+09
5.359776000000000000e+09
5.359778500000000000e+09
5.359781000000000000e+09
5.359783500000000000e+09
5.359786000000000000e+09
5.359788500000000000e+09
5.359791000000000000e+09
5.359793500000000000e+09
5.359796000000000000e+09
5.359798500000000000e+09
5.359801000000000000e+09
5.359803500000000000e+09
5.359806000000000000e+09
5.359808500000000000e+09
5.359811000000000000e+09
5.359813500000000000e+09
5.359816000000000000e+09
5.359818500000000000e+09
5.359821000000000000e+09
5.359823500000000000e+09
5.359826000000000000e+09
5.359828500000000000e+09
5.359831000000000000e+09
5.359833500000000000e+09
5.359836000000000000e+09
5.359838500000000000e+09
5.359841000000000000e+09
5.359843500000000000e+09
5.359846000000000000e+09
5.359848500000000000e+09
5.359851000000000000e+09
5.359853500000000000e+09
5.359856000000000000e+09
5.359858500000000000e+09
5.359861000000000000e+09
5.359863500000000000e+09
5.359866000000000000e+09
5.359868500000000000e+09
5.359871000000000000e+09
5.359873500000000000e+09
5.359876000000000000e+09
5.359878500000000000e+09
5.359881000000000000e+09
5.359883500000000000e+09
5.359886000000000000e+09
5.359888500000000000e+09
5.359891000000000000e+09
5.359893500000000000e+09
5.359896000000000000e+09
5.359898500000000000e+09
5.359901000000000000e+09
5.359903500000000000e+09
5.359906000000000000e+09
5.359908500000000000e+09
5.359911000000000000e+09
5.359913500000000000e+09
5.359916000000000000e+09
5.359918500000000000e+09
5.359921000000000000e+09
5.359923500000000000e+09
5.359926000000000000e+09
5.359928500000000000e+09
5.359931000000000000e+09
5.359933500000000000e+09
5.359936000000000000e+09
5.359938500000000000e+09
5.359941000000000000e+09
5.359943500000000000e+09
5.359946000000000000e+09
5.359948500000000000e+09
5.359951000000000000e+09
5.359953500000000000e+09
5.359956000000000000e+09
5.359958500000000000e+09
5.359961000000000000e+09
5.359963500000000000e+09
5.359966000000000000e+09
5.359968500000000000e+09
5.359971000000000000e+09
5.359973500000000000e+09
5.359976000000000000e+09
5.359978500000000000e+09
5.359981000000000000e+09
5.359983500000000000e+09
5.359986000000000000e+09
5.359988500000000000e+09
5.359991000000000000e+09
5.359993500000000000e+09
5.359996000000000000e+09
5.359998500000000000e+09
5.360001000000000000e+09
5.360003500000000000e+09
5.360006000000000000e+09
5.360008500000000000e+09
5.360011000000000000e+09
5.360013500000000000e+09
5.360016000000000000e+09
5.360018500000000000e+09
5.360021000000000000e+09
5.360023500000000000e+09
5.360026000000000000e+09
5.360028500000000000e+09
5.360031000000000000e+09
5.360033500000000000e+09
5.360036000000000000e+09
5.360038500000000000e+09
5.360041000000000000e+09
5.360043500000000000e+09
5.360046000000000000e+09
5.360048500000000000e+09
5.360051000000000000e+09
5.360053500000000000e+09
5.360056000000000000e+09
5.360058500000000000e+09
5.360061000000000000e+09
5.360063500000000000e+09
5.360066000000000000e+09
5.360068500000000000e+09
5.360071000000000000e+09
5.360073500000000000e+09
5.360076000000000000e+09
5.360078500000000000e+09
5.360081000000000000e+09
5.360083500000000000e+09
5.360086000000000000e+09
5.360088500000000000e+09
5.360091000000000000e+09
5.360093500000000000e+09
5.360096000000000000e+09
5.360098500000000000e+09
5.360101000000000000e+09
5.360103500000000000e+09
5.360106000000000000e+09
5.360108500000000000e+09
5.360111000000000000e+09
5.360113500000000000e+09
5.360116000000000000e+09
5.360118500000000000e+09
5.360121000000000000e+09
5.360123500000000000e+09
5.360126000000000000e+09
5.360128500000000000e+09
5.360131000000000000e+09
5.360133500000000000e+09
5.360136000000000000e+09
5.360138500000000000e+09
5.360141000000000000e+09
5.360143500000000000e+09
5.360146000000000000e+09
5.360148500000000000e+09
5.360151000000000000e+09
5.360153500000000000e+09
5.360156000000000000e+09
5.360158500000000000e+09
5.360161000000000000e+09
5.360163500000000000e+09
5.360166000000000000e+09
5.360168500000000000e+09
5.360171000000000000e+09
5.360173500000000000e+09
5.360176000000000000e+09
5.360178500000000000e+09
5.360181000000000000e+09
5.360183500000000000e+09
5.360186000000000000e+09
5.360188500000000000e+09
5.360191000000000000e+09
5.360193500000000000e+09
5.360196000000000000e+09
5.360198500000000000e+09
5.360201000000000000e+09
5.360203500000000000e+09
5.360206000000000000e+09
5.360208500000000000e+09
5.360211000000000000e+09
5.360213500000000000e+09
5.360216000000000000e+09
5.360218500000000000e+09
5.360221000000000000e+09
5.360223500000000000e+09
5.360226000000000000e+09
5.360228500000000000e+09
5.360231000000000000e+09
5.360233500000000000e+09
5.360236000000000000e+09
5.360238500000000000e+09
5.360241000000000000e+09
5.360243500000000000e+09
5.360246000000000000e+09
5.360248500000000000e+09
5.360251000000000000e+09
5.360253500000000000e+09
5.360256000000000000e+09
5.360258500000000000e+09
5.360261000000000000e+09
5.360263500000000000e+09
5.360266000000000000e+09
5.360268500000000000e+09
5.360271000000000000e+09
5.360273500000000000e+09
5.360276000000000000e+09
5.360278500000000000e+09
5.360281000000000000e+09
5.360283500000000000e+09
5.360286000000000000e+09
5.360288500000000000e+09
5.360291000000000000e+09
5.360293500000000000e+09
5.360296000000000000e+09
5.360298500000000000e+09
5.360301000000000000e+09
5.360303500000000000e+09
5.360306000000000000e+09
5.360308500000000000e+09
5.360311000000000000e+09
5.360313500000000000e+09
5.360316000000000000e+09
5.360318500000000000e+09
5.360321000000000000e+09
5.360323500000000000e+09
5.360326000000000000e+09
5.360328500000000000e+09
5.360331000000000000e+09
5.360333500000000000e+09
5.360336000000000000e+09
5.360338500000000000e+09
5.360341000000000000e+09
5.360343500000000000e+09
5.360346000000000000e+09
5.360348500000000000e+09
5.360351000000000000e+09
5.360353500000000000e+09
5.360356000000000000e+09
5.360358500000000000e+09
5.360361000000000000e+09
5.360363500000000000e+09
5.360366000000000000e+09
5.360368500000000000e+09
5.360371000000000000e+09
5.360373500000000000e+09
5.360376000000000000e+09
5.360378500000000000e+09
5.360381000000000000e+09
5.360383500000000000e+09
5.360386000000000000e+09
5.360388500000000000e+09
5.360391000000000000e+09
5.360393500000000000e+09
5.360396000000000000e+09
5.360398500000000000e+09
5.360401000000000000e+09
5.360403500000000000e+09
5.360406000000000000e+09
5.360408500000000000e+09
5.360411000000000000e+09
5.360413500000000000e+09
5.360416000000000000e+09
5.360418500000000000e+09
5.360421000000000000e+09
5.360423500000000000e+09
5.360426000000000000e+09
5.360428500000000000e+09
5.360431000000000000e+09
5.360433500000000000e+09
5.360436000000000000e+09
5.360438500000000000e+09
5.360441000000000000e+09
5.360443500000000000e+09
5.360446000000000000e+09
5.360448500000000000e+09
5.360451000000000000e+09
5.360453500000000000e+09
5.360456000000000000e+09
5.360458500000000000e+09
5.360461000000000000e+09
5.360463500000000000e+09
5.360466000000000000e+09
5.360468500000000000e+09
5.360471000000000000e+09
5.360473500000000000e+09
5.360476000000000000e+09
5.360478500000000000e+09
5.360481000000000000e+09
5.360483500000000000e+09
5.360486000000000000e+09
5.360488500000000000e+09
5.360491000000000000e+09
5.360493500000000000e+09
5.360496000000000000e+09
5.360498500000000000e+09
5.360501000000000000e+09
5.360503500000000000e+09
5.360506000000000000e+09
5.360508500000000000e+09
5.360511000000000000e+09
5.360513500000000000e+09
5.360516000000000000e+09
5.360518500000000000e+09
5.360521000000000000e+09
5.360523500000000000e+09
5.360526000000000000e+09
5.360528500000000000e+09
5.360531000000000000e+09
5.360533500000000000e+09
5.360536000000000000e+09
5.360538500000000000e+09
5.360541000000000000e+09
5.360543500000000000e+09
5.360546000000000000e+09
5.360548500000000000e+09
5.360551000000000000e+09
5.360553500000000000e+09
5.360556000000000000e+09
5.360558500000000000e+09
5.360561000000000000e+09
5.360563500000000000e+09
5.360566000000000000e+09
5.360568500000000000e+09
5.360571000000000000e+09
5.360573500000000000e+09
5.360576000000000000e+09
5.360578500000000000e+09
5.360581000000000000e+09
5.360583500000000000e+09
5.360586000000000000e+09
5.360588500000000000e+09
5.360591000000000000e+09
5.360593500000000000e+09
5.360596000000000000e+09
5.360598500000000000e+09
5.360601000000000000e+09
5.360603500000000000e+09
5.360606000000000000e+09
5.360608500000000000e+09
5.360611000000000000e+09
5.360613500000000000e+09
5.360616000000000000e+09
5.360618500000000000e+09
5.360621000000000000e+09
5.360623500000000000e+09
5.360626000000000000e+09
5.360628500000000000e+09
5.360631000000000000e+09
5.360633500000000000e+09
5.360636000000000000e+09
5.360638500000000000e+09
5.360641000000000000e+09
5.360643500000000000e+09
5.360646000000000000e+09
5.360648500000000000e+09
5.360651000000000000e+09
5.360653500000000000e+09
5.360656000000000000e+09
5.360658500000000000e+09
5.360661000000000000e+09
5.360663500000000000e+09
5.360666000000000000e+09
5.360668500000000000e+09
5.360671000000000000e+09
5.360673500000000000e+09
5.360676000000000000e+09
5.360678500000000000e+09
5.360681000000000000e+09
5.360683500000000000e+09
5.360686000000000000e+09
5.360688500000000000e+09
5.360691000000000000e+09
5.360693500000000000e+09
5.360696000000000000e+09
5.360698500000000000e+09
5.360701000000000000e+09
5.360703500000000000e+09
5.360706000000000000e+09
5.360708500000000000e+09
5.360711000000000000e+09
5.360713500000000000e+09
5.360716000000000000e+09
5.360718500000000000e+09
5.360721000000000000e+09
5.360723500000000000e+09
5.360726000000000000e+09
5.360728500000000000e+09
5.360731000000000000e+09
5.360733500000000000e+09
5.360736000000000000e+09
5.360738500000000000e+09
5.360741000000000000e+09
5.360743500000000000e+09
5.360746000000000000e+09
5.360748500000000000e+09
5.360751000000000000e+09
5.360753500000000000e+09
5.360756000000000000e+09
5.360758500000000000e+09
5.360761000000000000e+09
5.360763500000000000e+09
5.360766000000000000e+09
5.360768500000000000e+09
5.360771000000000000e+09
5.360773500000000000e+09
5.360776000000000000e+09
5.360778500000000000e+09
5.360781000000000000e+09
5.360783500000000000e+09
5.360786000000000000e+09
5.360788500000000000e+09
5.360791000000000000e+09
5.360793500000000000e+09
5.360796000000000000e+09
5.360798500000000000e+09
5.360801000000000000e+09
5.360803500000000000e+09
5.360806000000000000e+09
5.360808500000000000e+09
5.360811000000000000e+09
5.360813500000000000e+09
5.360816000000000000e+09
5.360818500000000000e+09
5.360821000000000000e+09
5.360823500000000000e+09
5.360826000000000000e+09
5.360828500000000000e+09
5.360831000000000000e+09
5.360833500000000000e+09
5.360836000000000000e+09
5.360838500000000000e+09
5.360841000000000000e+09
5.360843500000000000e+09
5.360846000000000000e+09
5.360848500000000000e+09
5.360851000000000000e+09
5.360853500000000000e+09
5.360856000000000000e+09
5.360858500000000000e+09
5.360861000000000000e+09
5.360863500000000000e+09
5.360866000000000000e+09
5.360868500000000000e+09
5.360871000000000000e+09
5.360873500000000000e+09
5.360876000000000000e+09
5.360878500000000000e+09
5.360881000000000000e+09
5.360883500000000000e+09
5.360886000000000000e+09
5.360888500000000000e+09
5.360891000000000000e+09
5.360893500000000000e+09
5.360896000000000000e+09
5.360898500000000000e+09
5.360901000000000000e+09
5.360903500000000000e+09
5.360906000000000000e+09
5.360908500000000000e+09
5.360911000000000000e+09
5.360913500000000000e+09
5.360916000000000000e+09
5.360918500000000000e+09
5.360921000000000000e+09
5.360923500000000000e+09
5.360926000000000000e+09
5.360928500000000000e+09
5.360931000000000000e+09
5.360933500000000000e+09
5.360936000000000000e+09
5.360938500000000000e+09
5.360941000000000000e+09
5.360943500000000000e+09
5.360946000000000000e+09
5.360948500000000000e+09
5.360951000000000000e+09
5.360953500000000000e+09
5.360956000000000000e+09
5.360958500000000000e+09
5.360961000000000000e+09
5.360963500000000000e+09
5.360966000000000000e+09
5.360968500000000000e+09
5.360971000000000000e+09
5.360973500000000000e+09
5.360976000000000000e+09
5.360978500000000000e+09
5.360981000000000000e+09
5.360983500000000000e+09
5.360986000000000000e+09
5.360988500000000000e+09
5.360991000000000000e+09
5.360993500000000000e+09
5.360996000000000000e+09
5.360998500000000000e+09
5.361001000000000000e+09
5.361003500000000000e+09
5.361006000000000000e+09
5.361008500000000000e+09
5.361011000000000000e+09
5.361013500000000000e+09
5.361016000000000000e+09
5.361018500000000000e+09
5.361021000000000000e+09
5.361023500000000000e+09
5.361026000000000000e+09
5.361028500000000000e+09
5.361031000000000000e+09
5.361033500000000000e+09
5.361036000000000000e+09
5.361038500000000000e+09
5.361041000000000000e+09
5.361043500000000000e+09
5.361046000000000000e+09
5.361048500000000000e+09
5.361051000000000000e+09
5.361053500000000000e+09
5.361056000000000000e+09
5.361058500000000000e+09
5.361061000000000000e+09
5.361063500000000000e+09
5.361066000000000000e+09
5.361068500000000000e+09
5.361071000000000000e+09
5.361073500000000000e+09
5.361076000000000000e+09
5.361078500000000000e+09
5.361081000000000000e+09
5.361083500000000000e+09
5.361086000000000000e+09
5.361088500000000000e+09
5.361091000000000000e+09
5.361093500000000000e+09
5.361096000000000000e+09
5.361098500000000000e+09
5.361101000000000000e+09
5.361103500000000000e+09
5.361106000000000000e+09
5.361108500000000000e+09
5.361111000000000000e+09
5.361113500000000000e+09
5.361116000000000000e+09
5.361118500000000000e+09
5.361121000000000000e+09
5.361123500000000000e+09
5.361126000000000000e+09
5.361128500000000000e+09
5.361131000000000000e+09
5.361133500000000000e+09
5.361136000000000000e+09
5.361138500000000000e+09
5.361141000000000000e+09
5.361143500000000000e+09
5.361146000000000000e+09
5.361148500000000000e+09
5.361151000000000000e+09
5.361153500000000000e+09
5.361156000000000000e+09
5.361158500000000000e+09
5.361161000000000000e+09
5.361163500000000000e+09
5.361166000000000000e+09
5.361168500000000000e+09
5.361171000000000000e+09
5.361173500000000000e+09
5.361176000000000000e+09
5.361178500000000000e+09
5.361181000000000000e+09
5.361183500000000000e+09
5.361186000000000000e+09
5.361188500000000000e+09
5.361191000000000000e+09
5.361193500000000000e+09
5.361196000000000000e+09
5.361198500000000000e+09
5.361201000000000000e+09
5.361203500000000000e+09
5.361206000000000000e+09
5.361208500000000000e+09
5.361211000000000000e+09
5.361213500000000000e+09
5.361216000000000000e+09
5.361218500000000000e+09
5.361221000000000000e+09
5.361223500000000000e+09
5.361226000000000000e+09
5.361228500000000000e+09
5.361231000000000000e+09
5.361233500000000000e+09
5.361236000000000000e+09
5.361238500000000000e+09
5.361241000000000000e+09
5.361243500000000000e+09
5.361246000000000000e+09
5.361248500000000000e+09
5.361251000000000000e+09
5.361253500000000000e+09
5.361256000000000000e+09
5.361258500000000000e+09
5.361261000000000000e+09
5.361263500000000000e+09
5.361266000000000000e+09
5.361268500000000000e+09
5.361271000000000000e+09
5.361273500000000000e+09
5.361276000000000000e+09
5.361278500000000000e+09
5.361281000000000000e+09
5.361283500000000000e+09
5.361286000000000000e+09
5.361288500000000000e+09
5.361291000000000000e+09
5.361293500000000000e+09
5.361296000000000000e+09
5.361298500000000000e+09
5.361301000000000000e+09
5.361303500000000000e+09
5.361306000000000000e+09
5.361308500000000000e+09
5.361311000000000000e+09
