5.357561000000000000e+09
5.357571000000000000e+09
5.357581000000000000e+09
5.357591000000000000e+09
5.357601000000000000e+09
5.357611000000000000e+09
5.357621000000000000e+09
5.357631000000000000e+09
5.357641000000000000e+09
5.357651000000000000e+09
5.357661000000000000e+09
5.357671000000000000e+09
5.357681000000000000e+09
5.357691000000000000e+09
5.357701000000000000e+09
5.357711000000000000e+09
5.357721000000000000e+09
5.357731000000000000e+09
5.357741000000000000e+09
5.357751000000000000e+09
5.357761000000000000e+09
5.357771000000000000e+09
5.357781000000000000e+09
5.357791000000000000e+09
5.357801000000000000e+09
5.357811000000000000e+09
5.357821000000000000e+09
5.357831000000000000e+09
5.357841000000000000e+09
5.357851000000000000e+09
5.357861000000000000e+09
5.357871000000000000e+09
5.357881000000000000e+09
5.357891000000000000e+09
5.357901000000000000e+09
5.357911000000000000e+09
5.357921000000000000e+09
5.357931000000000000e+09
5.357941000000000000e+09
5.357951000000000000e+09
5.357961000000000000e+09
5.357971000000000000e+09
5.357981000000000000e+09
5.357991000000000000e+09
5.358001000000000000e+09
5.358011000000000000e+09
5.358021000000000000e+09
5.358031000000000000e+09
5.358041000000000000e+09
5.358051000000000000e+09
5.358061000000000000e+09
5.358071000000000000e+09
5.358081000000000000e+09
5.358091000000000000e+09
5.358101000000000000e+09
5.358111000000000000e+09
5.358121000000000000e+09
5.358131000000000000e+09
5.358141000000000000e+09
5.358151000000000000e+09
5.358161000000000000e+09
5.358171000000000000e+09
5.358181000000000000e+09
5.358191000000000000e+09
5.358201000000000000e+09
5.358211000000000000e+09
5.358221000000000000e+09
5.358231000000000000e+09
5.358241000000000000e+09
5.358251000000000000e+09
5.358261000000000000e+09
5.358271000000000000e+09
5.358281000000000000e+09
5.358291000000000000e+09
5.358301000000000000e+09
5.358311000000000000e+09
5.358321000000000000e+09
5.358331000000000000e+09
5.358341000000000000e+09
5.358351000000000000e+09
5.358361000000000000e+09
5.358371000000000000e+09
5.358381000000000000e+09
5.358391000000000000e+09
5.358401000000000000e+09
5.358411000000000000e+09
5.358421000000000000e+09
5.358431000000000000e+09
5.358441000000000000e+09
5.358451000000000000e+09
5.358461000000000000e+09
5.358471000000000000e+09
5.358481000000000000e+09
5.358491000000000000e+09
5.358501000000000000e+09
5.358511000000000000e+09
5.358521000000000000e+09
5.358531000000000000e+09
5.358541000000000000e+09
5.358551000000000000e+09
5.358561000000000000e+09
5.358571000000000000e+09
5.358581000000000000e+09
5.358591000000000000e+09
5.358601000000000000e+09
5.358611000000000000e+09
5.358621000000000000e+09
5.358631000000000000e+09
5.358641000000000000e+09
5.358651000000000000e+09
5.358661000000000000e+09
5.358671000000000000e+09
5.358681000000000000e+09
5.358691000000000000e+09
5.358701000000000000e+09
5.358711000000000000e+09
5.358721000000000000e+09
5.358731000000000000e+09
5.358741000000000000e+09
5.358751000000000000e+09
5.358761000000000000e+09
5.358771000000000000e+09
5.358781000000000000e+09
5.358791000000000000e+09
5.358801000000000000e+09
5.358811000000000000e+09
5.358821000000000000e+09
5.358831000000000000e+09
5.358841000000000000e+09
5.358851000000000000e+09
5.358861000000000000e+09
5.358871000000000000e+09
5.358881000000000000e+09
5.358891000000000000e+09
5.358901000000000000e+09
5.358911000000000000e+09
5.358921000000000000e+09
5.358931000000000000e+09
5.358941000000000000e+09
5.358951000000000000e+09
5.358961000000000000e+09
5.358971000000000000e+09
5.358981000000000000e+09
5.358991000000000000e+09
5.359001000000000000e+09
5.359011000000000000e+09
5.359021000000000000e+09
5.359031000000000000e+09
5.359041000000000000e+09
5.359051000000000000e+09
5.359061000000000000e+09
5.359071000000000000e+09
5.359081000000000000e+09
5.359091000000000000e+09
5.359101000000000000e+09
5.359111000000000000e+09
5.359121000000000000e+09
5.359131000000000000e+09
5.359141000000000000e+09
5.359151000000000000e+09
5.359161000000000000e+09
5.359171000000000000e+09
5.359181000000000000e+09
5.359191000000000000e+09
5.359201000000000000e+09
5.359211000000000000e+09
5.359221000000000000e+09
5.359231000000000000e+09
5.359241000000000000e+09
5.359251000000000000e+09
5.359261000000000000e+09
5.359271000000000000e+09
5.359281000000000000e+09
5.359291000000000000e+09
5.359301000000000000e+09
5.359311000000000000e+09
5.359321000000000000e+09
5.359331000000000000e+09
5.359341000000000000e+09
5.359351000000000000e+09
5.359361000000000000e+09
5.359371000000000000e+09
5.359381000000000000e+09
5.359391000000000000e+09
5.359401000000000000e+09
5.359411000000000000e+09
5.359421000000000000e+09
5.359431000000000000e+09
5.359441000000000000e+09
5.359451000000000000e+09
5.359461000000000000e+09
5.359471000000000000e+09
5.359481000000000000e+09
5.359491000000000000e+09
5.359501000000000000e+09
5.359511000000000000e+09
5.359521000000000000e+09
5.359531000000000000e+09
5.359541000000000000e+09
5.359551000000000000e+09
5.359561000000000000e+09
5.359571000000000000e+09
5.359581000000000000e+09
5.359591000000000000e+09
5.359601000000000000e+09
5.359611000000000000e+09
5.359621000000000000e+09
5.359631000000000000e+09
5.359641000000000000e+09
5.359651000000000000e+09
5.359661000000000000e+09
5.359671000000000000e+09
5.359681000000000000e+09
5.359691000000000000e+09
5.359701000000000000e+09
5.359711000000000000e+09
5.359721000000000000e+09
5.359731000000000000e+09
5.359741000000000000e+09
5.359751000000000000e+09
5.359761000000000000e+09
5.359771000000000000e+09
5.359781000000000000e+09
5.359791000000000000e+09
5.359801000000000000e+09
5.359811000000000000e+09
5.359821000000000000e+09
5.359831000000000000e+09
5.359841000000000000e+09
5.359851000000000000e+09
5.359861000000000000e+09
5.359871000000000000e+09
5.359881000000000000e+09
5.359891000000000000e+09
5.359901000000000000e+09
5.359911000000000000e+09
5.359921000000000000e+09
5.359931000000000000e+09
5.359941000000000000e+09
5.359951000000000000e+09
5.359961000000000000e+09
5.359971000000000000e+09
5.359981000000000000e+09
5.359991000000000000e+09
5.360001000000000000e+09
5.360011000000000000e+09
5.360021000000000000e+09
5.360031000000000000e+09
5.360041000000000000e+09
5.360051000000000000e+09
5.360061000000000000e+09
5.360071000000000000e+09
5.360081000000000000e+09
5.360091000000000000e+09
5.360101000000000000e+09
5.360111000000000000e+09
5.360121000000000000e+09
5.360131000000000000e+09
5.360141000000000000e+09
5.360151000000000000e+09
5.360161000000000000e+09
5.360171000000000000e+09
5.360181000000000000e+09
5.360191000000000000e+09
5.360201000000000000e+09
5.360211000000000000e+09
5.360221000000000000e+09
5.360231000000000000e+09
5.360241000000000000e+09
5.360251000000000000e+09
5.360261000000000000e+09
5.360271000000000000e+09
5.360281000000000000e+09
5.360291000000000000e+09
5.360301000000000000e+09
5.360311000000000000e+09
5.360321000000000000e+09
5.360331000000000000e+09
5.360341000000000000e+09
5.360351000000000000e+09
5.360361000000000000e+09
5.360371000000000000e+09
5.360381000000000000e+09
5.360391000000000000e+09
5.360401000000000000e+09
5.360411000000000000e+09
5.360421000000000000e+09
5.360431000000000000e+09
5.360441000000000000e+09
5.360451000000000000e+09
5.360461000000000000e+09
5.360471000000000000e+09
5.360481000000000000e+09
5.360491000000000000e+09
5.360501000000000000e+09
5.360511000000000000e+09
5.360521000000000000e+09
5.360531000000000000e+09
5.360541000000000000e+09
5.360551000000000000e+09
5.360561000000000000e+09
5.360571000000000000e+09
5.360581000000000000e+09
5.360591000000000000e+09
5.360601000000000000e+09
5.360611000000000000e+09
5.360621000000000000e+09
5.360631000000000000e+09
5.360641000000000000e+09
5.360651000000000000e+09
5.360661000000000000e+09
5.360671000000000000e+09
5.360681000000000000e+09
5.360691000000000000e+09
5.360701000000000000e+09
5.360711000000000000e+09
5.360721000000000000e+09
5.360731000000000000e+09
5.360741000000000000e+09
5.360751000000000000e+09
5.360761000000000000e+09
5.360771000000000000e+09
5.360781000000000000e+09
5.360791000000000000e+09
5.360801000000000000e+09
5.360811000000000000e+09
5.360821000000000000e+09
5.360831000000000000e+09
5.360841000000000000e+09
5.360851000000000000e+09
5.360861000000000000e+09
5.360871000000000000e+09
5.360881000000000000e+09
5.360891000000000000e+09
5.360901000000000000e+09
5.360911000000000000e+09
5.360921000000000000e+09
5.360931000000000000e+09
5.360941000000000000e+09
5.360951000000000000e+09
5.360961000000000000e+09
5.360971000000000000e+09
5.360981000000000000e+09
5.360991000000000000e+09
5.361001000000000000e+09
5.361011000000000000e+09
5.361021000000000000e+09
5.361031000000000000e+09
5.361041000000000000e+09
5.361051000000000000e+09
5.361061000000000000e+09
5.361071000000000000e+09
5.361081000000000000e+09
5.361091000000000000e+09
5.361101000000000000e+09
5.361111000000000000e+09
5.361121000000000000e+09
5.361131000000000000e+09
5.361141000000000000e+09
5.361151000000000000e+09
5.361161000000000000e+09
5.361171000000000000e+09
5.361181000000000000e+09
5.361191000000000000e+09
5.361201000000000000e+09
5.361211000000000000e+09
5.361221000000000000e+09
5.361231000000000000e+09
5.361241000000000000e+09
5.361251000000000000e+09
5.361261000000000000e+09
5.361271000000000000e+09
5.361281000000000000e+09
5.361291000000000000e+09
5.361301000000000000e+09
5.361311000000000000e+09
5.361321000000000000e+09
5.361331000000000000e+09
5.361341000000000000e+09
5.361351000000000000e+09
5.361361000000000000e+09
5.361371000000000000e+09
5.361381000000000000e+09
5.361391000000000000e+09
5.361401000000000000e+09
5.361411000000000000e+09
5.361421000000000000e+09
5.361431000000000000e+09
5.361441000000000000e+09
5.361451000000000000e+09
5.361461000000000000e+09
5.361471000000000000e+09
5.361481000000000000e+09
5.361491000000000000e+09
5.361501000000000000e+09
5.361511000000000000e+09
5.361521000000000000e+09
5.361531000000000000e+09
5.361541000000000000e+09
5.361551000000000000e+09
5.361561000000000000e+09
5.361571000000000000e+09
5.361581000000000000e+09
5.361591000000000000e+09
5.361601000000000000e+09
5.361611000000000000e+09
5.361621000000000000e+09
5.361631000000000000e+09
5.361641000000000000e+09
5.361651000000000000e+09
5.361661000000000000e+09
5.361671000000000000e+09
5.361681000000000000e+09
5.361691000000000000e+09
5.361701000000000000e+09
5.361711000000000000e+09
5.361721000000000000e+09
5.361731000000000000e+09
5.361741000000000000e+09
5.361751000000000000e+09
5.361761000000000000e+09
5.361771000000000000e+09
5.361781000000000000e+09
5.361791000000000000e+09
5.361801000000000000e+09
5.361811000000000000e+09
5.361821000000000000e+09
5.361831000000000000e+09
5.361841000000000000e+09
5.361851000000000000e+09
5.361861000000000000e+09
5.361871000000000000e+09
5.361881000000000000e+09
5.361891000000000000e+09
5.361901000000000000e+09
5.361911000000000000e+09
5.361921000000000000e+09
5.361931000000000000e+09
5.361941000000000000e+09
5.361951000000000000e+09
5.361961000000000000e+09
5.361971000000000000e+09
5.361981000000000000e+09
5.361991000000000000e+09
5.362001000000000000e+09
5.362011000000000000e+09
5.362021000000000000e+09
5.362031000000000000e+09
5.362041000000000000e+09
5.362051000000000000e+09
5.362061000000000000e+09
5.362071000000000000e+09
5.362081000000000000e+09
5.362091000000000000e+09
5.362101000000000000e+09
5.362111000000000000e+09
5.362121000000000000e+09
5.362131000000000000e+09
5.362141000000000000e+09
5.362151000000000000e+09
5.362161000000000000e+09
5.362171000000000000e+09
5.362181000000000000e+09
5.362191000000000000e+09
5.362201000000000000e+09
5.362211000000000000e+09
5.362221000000000000e+09
5.362231000000000000e+09
5.362241000000000000e+09
5.362251000000000000e+09
5.362261000000000000e+09
5.362271000000000000e+09
5.362281000000000000e+09
5.362291000000000000e+09
5.362301000000000000e+09
5.362311000000000000e+09
5.362321000000000000e+09
5.362331000000000000e+09
5.362341000000000000e+09
5.362351000000000000e+09
5.362361000000000000e+09
5.362371000000000000e+09
5.362381000000000000e+09
5.362391000000000000e+09
5.362401000000000000e+09
5.362411000000000000e+09
5.362421000000000000e+09
5.362431000000000000e+09
5.362441000000000000e+09
5.362451000000000000e+09
5.362461000000000000e+09
5.362471000000000000e+09
5.362481000000000000e+09
5.362491000000000000e+09
5.362501000000000000e+09
5.362511000000000000e+09
5.362521000000000000e+09
5.362531000000000000e+09
5.362541000000000000e+09
5.362551000000000000e+09
5.362561000000000000e+09
