5.824650000000000000e+09
5.824655000000000000e+09
5.824660000000000000e+09
5.824665000000000000e+09
5.824670000000000000e+09
5.824675000000000000e+09
5.824680000000000000e+09
5.824685000000000000e+09
5.824690000000000000e+09
5.824695000000000000e+09
5.824700000000000000e+09
5.824705000000000000e+09
5.824710000000000000e+09
5.824715000000000000e+09
5.824720000000000000e+09
5.824725000000000000e+09
5.824730000000000000e+09
5.824735000000000000e+09
5.824740000000000000e+09
5.824745000000000000e+09
5.824750000000000000e+09
5.824755000000000000e+09
5.824760000000000000e+09
5.824765000000000000e+09
5.824770000000000000e+09
5.824775000000000000e+09
5.824780000000000000e+09
5.824785000000000000e+09
5.824790000000000000e+09
5.824795000000000000e+09
5.824800000000000000e+09
5.824805000000000000e+09
5.824810000000000000e+09
5.824815000000000000e+09
5.824820000000000000e+09
5.824825000000000000e+09
5.824830000000000000e+09
5.824835000000000000e+09
5.824840000000000000e+09
5.824845000000000000e+09
5.824850000000000000e+09
5.824855000000000000e+09
5.824860000000000000e+09
5.824865000000000000e+09
5.824870000000000000e+09
5.824875000000000000e+09
5.824880000000000000e+09
5.824885000000000000e+09
5.824890000000000000e+09
5.824895000000000000e+09
5.824900000000000000e+09
5.824905000000000000e+09
5.824910000000000000e+09
5.824915000000000000e+09
5.824920000000000000e+09
5.824925000000000000e+09
5.824930000000000000e+09
5.824935000000000000e+09
5.824940000000000000e+09
5.824945000000000000e+09
5.824950000000000000e+09
5.824955000000000000e+09
5.824960000000000000e+09
5.824965000000000000e+09
5.824970000000000000e+09
5.824975000000000000e+09
5.824980000000000000e+09
5.824985000000000000e+09
5.824990000000000000e+09
5.824995000000000000e+09
5.825000000000000000e+09
5.825005000000000000e+09
5.825010000000000000e+09
5.825015000000000000e+09
5.825020000000000000e+09
5.825025000000000000e+09
5.825030000000000000e+09
5.825035000000000000e+09
5.825040000000000000e+09
5.825045000000000000e+09
5.825050000000000000e+09
5.825055000000000000e+09
5.825060000000000000e+09
5.825065000000000000e+09
5.825070000000000000e+09
5.825075000000000000e+09
5.825080000000000000e+09
5.825085000000000000e+09
5.825090000000000000e+09
5.825095000000000000e+09
5.825100000000000000e+09
5.825105000000000000e+09
5.825110000000000000e+09
5.825115000000000000e+09
5.825120000000000000e+09
5.825125000000000000e+09
5.825130000000000000e+09
5.825135000000000000e+09
5.825140000000000000e+09
5.825145000000000000e+09
5.825150000000000000e+09
5.825155000000000000e+09
5.825160000000000000e+09
5.825165000000000000e+09
5.825170000000000000e+09
5.825175000000000000e+09
5.825180000000000000e+09
5.825185000000000000e+09
5.825190000000000000e+09
5.825195000000000000e+09
5.825200000000000000e+09
5.825205000000000000e+09
5.825210000000000000e+09
5.825215000000000000e+09
5.825220000000000000e+09
5.825225000000000000e+09
5.825230000000000000e+09
5.825235000000000000e+09
5.825240000000000000e+09
5.825245000000000000e+09
5.825250000000000000e+09
5.825255000000000000e+09
5.825260000000000000e+09
5.825265000000000000e+09
5.825270000000000000e+09
5.825275000000000000e+09
5.825280000000000000e+09
5.825285000000000000e+09
5.825290000000000000e+09
5.825295000000000000e+09
5.825300000000000000e+09
5.825305000000000000e+09
5.825310000000000000e+09
5.825315000000000000e+09
5.825320000000000000e+09
5.825325000000000000e+09
5.825330000000000000e+09
5.825335000000000000e+09
5.825340000000000000e+09
5.825345000000000000e+09
5.825350000000000000e+09
5.825355000000000000e+09
5.825360000000000000e+09
5.825365000000000000e+09
5.825370000000000000e+09
5.825375000000000000e+09
5.825380000000000000e+09
5.825385000000000000e+09
5.825390000000000000e+09
5.825395000000000000e+09
5.825400000000000000e+09
5.825405000000000000e+09
5.825410000000000000e+09
5.825415000000000000e+09
5.825420000000000000e+09
5.825425000000000000e+09
5.825430000000000000e+09
5.825435000000000000e+09
5.825440000000000000e+09
5.825445000000000000e+09
5.825450000000000000e+09
5.825455000000000000e+09
5.825460000000000000e+09
5.825465000000000000e+09
5.825470000000000000e+09
5.825475000000000000e+09
5.825480000000000000e+09
5.825485000000000000e+09
5.825490000000000000e+09
5.825495000000000000e+09
5.825500000000000000e+09
5.825505000000000000e+09
5.825510000000000000e+09
5.825515000000000000e+09
5.825520000000000000e+09
5.825525000000000000e+09
5.825530000000000000e+09
5.825535000000000000e+09
5.825540000000000000e+09
5.825545000000000000e+09
5.825550000000000000e+09
5.825555000000000000e+09
5.825560000000000000e+09
5.825565000000000000e+09
5.825570000000000000e+09
5.825575000000000000e+09
5.825580000000000000e+09
5.825585000000000000e+09
5.825590000000000000e+09
5.825595000000000000e+09
5.825600000000000000e+09
5.825605000000000000e+09
5.825610000000000000e+09
5.825615000000000000e+09
5.825620000000000000e+09
5.825625000000000000e+09
5.825630000000000000e+09
5.825635000000000000e+09
5.825640000000000000e+09
5.825645000000000000e+09
5.825650000000000000e+09
5.825655000000000000e+09
5.825660000000000000e+09
5.825665000000000000e+09
5.825670000000000000e+09
5.825675000000000000e+09
5.825680000000000000e+09
5.825685000000000000e+09
5.825690000000000000e+09
5.825695000000000000e+09
5.825700000000000000e+09
5.825705000000000000e+09
5.825710000000000000e+09
5.825715000000000000e+09
5.825720000000000000e+09
5.825725000000000000e+09
5.825730000000000000e+09
5.825735000000000000e+09
5.825740000000000000e+09
5.825745000000000000e+09
5.825750000000000000e+09
5.825755000000000000e+09
5.825760000000000000e+09
5.825765000000000000e+09
5.825770000000000000e+09
5.825775000000000000e+09
5.825780000000000000e+09
5.825785000000000000e+09
5.825790000000000000e+09
5.825795000000000000e+09
5.825800000000000000e+09
5.825805000000000000e+09
5.825810000000000000e+09
5.825815000000000000e+09
5.825820000000000000e+09
5.825825000000000000e+09
5.825830000000000000e+09
5.825835000000000000e+09
5.825840000000000000e+09
5.825845000000000000e+09
5.825850000000000000e+09
5.825855000000000000e+09
5.825860000000000000e+09
5.825865000000000000e+09
5.825870000000000000e+09
5.825875000000000000e+09
5.825880000000000000e+09
5.825885000000000000e+09
5.825890000000000000e+09
5.825895000000000000e+09
5.825900000000000000e+09
5.825905000000000000e+09
5.825910000000000000e+09
5.825915000000000000e+09
5.825920000000000000e+09
5.825925000000000000e+09
5.825930000000000000e+09
5.825935000000000000e+09
5.825940000000000000e+09
5.825945000000000000e+09
5.825950000000000000e+09
5.825955000000000000e+09
5.825960000000000000e+09
5.825965000000000000e+09
5.825970000000000000e+09
5.825975000000000000e+09
5.825980000000000000e+09
5.825985000000000000e+09
5.825990000000000000e+09
5.825995000000000000e+09
5.826000000000000000e+09
5.826005000000000000e+09
5.826010000000000000e+09
5.826015000000000000e+09
5.826020000000000000e+09
5.826025000000000000e+09
5.826030000000000000e+09
5.826035000000000000e+09
5.826040000000000000e+09
5.826045000000000000e+09
5.826050000000000000e+09
5.826055000000000000e+09
5.826060000000000000e+09
5.826065000000000000e+09
5.826070000000000000e+09
5.826075000000000000e+09
5.826080000000000000e+09
5.826085000000000000e+09
5.826090000000000000e+09
5.826095000000000000e+09
5.826100000000000000e+09
5.826105000000000000e+09
5.826110000000000000e+09
5.826115000000000000e+09
5.826120000000000000e+09
5.826125000000000000e+09
5.826130000000000000e+09
5.826135000000000000e+09
5.826140000000000000e+09
5.826145000000000000e+09
5.826150000000000000e+09
5.826155000000000000e+09
5.826160000000000000e+09
5.826165000000000000e+09
5.826170000000000000e+09
5.826175000000000000e+09
5.826180000000000000e+09
5.826185000000000000e+09
5.826190000000000000e+09
5.826195000000000000e+09
5.826200000000000000e+09
5.826205000000000000e+09
5.826210000000000000e+09
5.826215000000000000e+09
5.826220000000000000e+09
5.826225000000000000e+09
5.826230000000000000e+09
5.826235000000000000e+09
5.826240000000000000e+09
5.826245000000000000e+09
5.826250000000000000e+09
5.826255000000000000e+09
5.826260000000000000e+09
5.826265000000000000e+09
5.826270000000000000e+09
5.826275000000000000e+09
5.826280000000000000e+09
5.826285000000000000e+09
5.826290000000000000e+09
5.826295000000000000e+09
5.826300000000000000e+09
5.826305000000000000e+09
5.826310000000000000e+09
5.826315000000000000e+09
5.826320000000000000e+09
5.826325000000000000e+09
5.826330000000000000e+09
5.826335000000000000e+09
5.826340000000000000e+09
5.826345000000000000e+09
5.826350000000000000e+09
5.826355000000000000e+09
5.826360000000000000e+09
5.826365000000000000e+09
5.826370000000000000e+09
5.826375000000000000e+09
5.826380000000000000e+09
5.826385000000000000e+09
5.826390000000000000e+09
5.826395000000000000e+09
5.826400000000000000e+09
5.826405000000000000e+09
5.826410000000000000e+09
5.826415000000000000e+09
5.826420000000000000e+09
5.826425000000000000e+09
5.826430000000000000e+09
5.826435000000000000e+09
5.826440000000000000e+09
5.826445000000000000e+09
5.826450000000000000e+09
5.826455000000000000e+09
5.826460000000000000e+09
5.826465000000000000e+09
5.826470000000000000e+09
5.826475000000000000e+09
5.826480000000000000e+09
5.826485000000000000e+09
5.826490000000000000e+09
5.826495000000000000e+09
5.826500000000000000e+09
5.826505000000000000e+09
5.826510000000000000e+09
5.826515000000000000e+09
5.826520000000000000e+09
5.826525000000000000e+09
5.826530000000000000e+09
5.826535000000000000e+09
5.826540000000000000e+09
5.826545000000000000e+09
5.826550000000000000e+09
5.826555000000000000e+09
5.826560000000000000e+09
5.826565000000000000e+09
5.826570000000000000e+09
5.826575000000000000e+09
5.826580000000000000e+09
5.826585000000000000e+09
5.826590000000000000e+09
5.826595000000000000e+09
5.826600000000000000e+09
5.826605000000000000e+09
5.826610000000000000e+09
5.826615000000000000e+09
5.826620000000000000e+09
5.826625000000000000e+09
5.826630000000000000e+09
5.826635000000000000e+09
5.826640000000000000e+09
5.826645000000000000e+09
5.826650000000000000e+09
5.826655000000000000e+09
5.826660000000000000e+09
5.826665000000000000e+09
5.826670000000000000e+09
5.826675000000000000e+09
5.826680000000000000e+09
5.826685000000000000e+09
5.826690000000000000e+09
5.826695000000000000e+09
5.826700000000000000e+09
5.826705000000000000e+09
5.826710000000000000e+09
5.826715000000000000e+09
5.826720000000000000e+09
5.826725000000000000e+09
5.826730000000000000e+09
5.826735000000000000e+09
5.826740000000000000e+09
5.826745000000000000e+09
5.826750000000000000e+09
5.826755000000000000e+09
5.826760000000000000e+09
5.826765000000000000e+09
5.826770000000000000e+09
5.826775000000000000e+09
5.826780000000000000e+09
5.826785000000000000e+09
5.826790000000000000e+09
5.826795000000000000e+09
5.826800000000000000e+09
5.826805000000000000e+09
5.826810000000000000e+09
5.826815000000000000e+09
5.826820000000000000e+09
5.826825000000000000e+09
5.826830000000000000e+09
5.826835000000000000e+09
5.826840000000000000e+09
5.826845000000000000e+09
5.826850000000000000e+09
5.826855000000000000e+09
5.826860000000000000e+09
5.826865000000000000e+09
5.826870000000000000e+09
5.826875000000000000e+09
5.826880000000000000e+09
5.826885000000000000e+09
5.826890000000000000e+09
5.826895000000000000e+09
5.826900000000000000e+09
5.826905000000000000e+09
5.826910000000000000e+09
5.826915000000000000e+09
5.826920000000000000e+09
5.826925000000000000e+09
5.826930000000000000e+09
5.826935000000000000e+09
5.826940000000000000e+09
5.826945000000000000e+09
5.826950000000000000e+09
5.826955000000000000e+09
5.826960000000000000e+09
5.826965000000000000e+09
5.826970000000000000e+09
5.826975000000000000e+09
5.826980000000000000e+09
5.826985000000000000e+09
5.826990000000000000e+09
5.826995000000000000e+09
5.827000000000000000e+09
5.827005000000000000e+09
5.827010000000000000e+09
5.827015000000000000e+09
5.827020000000000000e+09
5.827025000000000000e+09
5.827030000000000000e+09
5.827035000000000000e+09
5.827040000000000000e+09
5.827045000000000000e+09
5.827050000000000000e+09
5.827055000000000000e+09
5.827060000000000000e+09
5.827065000000000000e+09
5.827070000000000000e+09
5.827075000000000000e+09
5.827080000000000000e+09
5.827085000000000000e+09
5.827090000000000000e+09
5.827095000000000000e+09
5.827100000000000000e+09
5.827105000000000000e+09
5.827110000000000000e+09
5.827115000000000000e+09
5.827120000000000000e+09
5.827125000000000000e+09
5.827130000000000000e+09
5.827135000000000000e+09
5.827140000000000000e+09
5.827145000000000000e+09
5.827150000000000000e+09
5.827155000000000000e+09
5.827160000000000000e+09
5.827165000000000000e+09
5.827170000000000000e+09
5.827175000000000000e+09
5.827180000000000000e+09
5.827185000000000000e+09
5.827190000000000000e+09
5.827195000000000000e+09
5.827200000000000000e+09
5.827205000000000000e+09
5.827210000000000000e+09
5.827215000000000000e+09
5.827220000000000000e+09
5.827225000000000000e+09
5.827230000000000000e+09
5.827235000000000000e+09
5.827240000000000000e+09
5.827245000000000000e+09
5.827250000000000000e+09
5.827255000000000000e+09
5.827260000000000000e+09
5.827265000000000000e+09
5.827270000000000000e+09
5.827275000000000000e+09
5.827280000000000000e+09
5.827285000000000000e+09
5.827290000000000000e+09
5.827295000000000000e+09
5.827300000000000000e+09
5.827305000000000000e+09
5.827310000000000000e+09
5.827315000000000000e+09
5.827320000000000000e+09
5.827325000000000000e+09
5.827330000000000000e+09
5.827335000000000000e+09
5.827340000000000000e+09
5.827345000000000000e+09
5.827350000000000000e+09
5.827355000000000000e+09
5.827360000000000000e+09
5.827365000000000000e+09
5.827370000000000000e+09
5.827375000000000000e+09
5.827380000000000000e+09
5.827385000000000000e+09
5.827390000000000000e+09
5.827395000000000000e+09
5.827400000000000000e+09
5.827405000000000000e+09
5.827410000000000000e+09
5.827415000000000000e+09
5.827420000000000000e+09
5.827425000000000000e+09
5.827430000000000000e+09
5.827435000000000000e+09
5.827440000000000000e+09
5.827445000000000000e+09
5.827450000000000000e+09
5.827455000000000000e+09
5.827460000000000000e+09
5.827465000000000000e+09
5.827470000000000000e+09
5.827475000000000000e+09
5.827480000000000000e+09
5.827485000000000000e+09
5.827490000000000000e+09
5.827495000000000000e+09
5.827500000000000000e+09
5.827505000000000000e+09
5.827510000000000000e+09
5.827515000000000000e+09
5.827520000000000000e+09
5.827525000000000000e+09
5.827530000000000000e+09
5.827535000000000000e+09
5.827540000000000000e+09
5.827545000000000000e+09
5.827550000000000000e+09
5.827555000000000000e+09
5.827560000000000000e+09
5.827565000000000000e+09
5.827570000000000000e+09
5.827575000000000000e+09
5.827580000000000000e+09
5.827585000000000000e+09
5.827590000000000000e+09
5.827595000000000000e+09
5.827600000000000000e+09
5.827605000000000000e+09
5.827610000000000000e+09
5.827615000000000000e+09
5.827620000000000000e+09
5.827625000000000000e+09
5.827630000000000000e+09
5.827635000000000000e+09
5.827640000000000000e+09
5.827645000000000000e+09
5.827650000000000000e+09
5.827655000000000000e+09
5.827660000000000000e+09
5.827665000000000000e+09
5.827670000000000000e+09
5.827675000000000000e+09
5.827680000000000000e+09
5.827685000000000000e+09
5.827690000000000000e+09
5.827695000000000000e+09
5.827700000000000000e+09
5.827705000000000000e+09
5.827710000000000000e+09
5.827715000000000000e+09
5.827720000000000000e+09
5.827725000000000000e+09
5.827730000000000000e+09
5.827735000000000000e+09
5.827740000000000000e+09
5.827745000000000000e+09
5.827750000000000000e+09
5.827755000000000000e+09
5.827760000000000000e+09
5.827765000000000000e+09
5.827770000000000000e+09
5.827775000000000000e+09
5.827780000000000000e+09
5.827785000000000000e+09
5.827790000000000000e+09
5.827795000000000000e+09
5.827800000000000000e+09
5.827805000000000000e+09
5.827810000000000000e+09
5.827815000000000000e+09
5.827820000000000000e+09
5.827825000000000000e+09
5.827830000000000000e+09
5.827835000000000000e+09
5.827840000000000000e+09
5.827845000000000000e+09
5.827850000000000000e+09
5.827855000000000000e+09
5.827860000000000000e+09
5.827865000000000000e+09
5.827870000000000000e+09
5.827875000000000000e+09
5.827880000000000000e+09
5.827885000000000000e+09
5.827890000000000000e+09
5.827895000000000000e+09
5.827900000000000000e+09
5.827905000000000000e+09
5.827910000000000000e+09
5.827915000000000000e+09
5.827920000000000000e+09
5.827925000000000000e+09
5.827930000000000000e+09
5.827935000000000000e+09
5.827940000000000000e+09
5.827945000000000000e+09
5.827950000000000000e+09
5.827955000000000000e+09
5.827960000000000000e+09
5.827965000000000000e+09
5.827970000000000000e+09
5.827975000000000000e+09
5.827980000000000000e+09
5.827985000000000000e+09
5.827990000000000000e+09
5.827995000000000000e+09
5.828000000000000000e+09
5.828005000000000000e+09
5.828010000000000000e+09
5.828015000000000000e+09
5.828020000000000000e+09
5.828025000000000000e+09
5.828030000000000000e+09
5.828035000000000000e+09
5.828040000000000000e+09
5.828045000000000000e+09
5.828050000000000000e+09
5.828055000000000000e+09
5.828060000000000000e+09
5.828065000000000000e+09
5.828070000000000000e+09
5.828075000000000000e+09
5.828080000000000000e+09
5.828085000000000000e+09
5.828090000000000000e+09
5.828095000000000000e+09
5.828100000000000000e+09
5.828105000000000000e+09
5.828110000000000000e+09
5.828115000000000000e+09
5.828120000000000000e+09
5.828125000000000000e+09
5.828130000000000000e+09
5.828135000000000000e+09
5.828140000000000000e+09
5.828145000000000000e+09
5.828150000000000000e+09
5.828155000000000000e+09
5.828160000000000000e+09
5.828165000000000000e+09
5.828170000000000000e+09
5.828175000000000000e+09
5.828180000000000000e+09
5.828185000000000000e+09
5.828190000000000000e+09
5.828195000000000000e+09
5.828200000000000000e+09
5.828205000000000000e+09
5.828210000000000000e+09
5.828215000000000000e+09
5.828220000000000000e+09
5.828225000000000000e+09
5.828230000000000000e+09
5.828235000000000000e+09
5.828240000000000000e+09
5.828245000000000000e+09
5.828250000000000000e+09
5.828255000000000000e+09
5.828260000000000000e+09
5.828265000000000000e+09
5.828270000000000000e+09
5.828275000000000000e+09
5.828280000000000000e+09
5.828285000000000000e+09
5.828290000000000000e+09
5.828295000000000000e+09
5.828300000000000000e+09
5.828305000000000000e+09
5.828310000000000000e+09
5.828315000000000000e+09
5.828320000000000000e+09
5.828325000000000000e+09
5.828330000000000000e+09
5.828335000000000000e+09
5.828340000000000000e+09
5.828345000000000000e+09
5.828350000000000000e+09
5.828355000000000000e+09
5.828360000000000000e+09
5.828365000000000000e+09
5.828370000000000000e+09
5.828375000000000000e+09
5.828380000000000000e+09
5.828385000000000000e+09
5.828390000000000000e+09
5.828395000000000000e+09
5.828400000000000000e+09
5.828405000000000000e+09
5.828410000000000000e+09
5.828415000000000000e+09
5.828420000000000000e+09
5.828425000000000000e+09
5.828430000000000000e+09
5.828435000000000000e+09
5.828440000000000000e+09
5.828445000000000000e+09
5.828450000000000000e+09
5.828455000000000000e+09
5.828460000000000000e+09
5.828465000000000000e+09
5.828470000000000000e+09
5.828475000000000000e+09
5.828480000000000000e+09
5.828485000000000000e+09
5.828490000000000000e+09
5.828495000000000000e+09
5.828500000000000000e+09
5.828505000000000000e+09
5.828510000000000000e+09
5.828515000000000000e+09
5.828520000000000000e+09
5.828525000000000000e+09
5.828530000000000000e+09
5.828535000000000000e+09
5.828540000000000000e+09
5.828545000000000000e+09
5.828550000000000000e+09
5.828555000000000000e+09
5.828560000000000000e+09
5.828565000000000000e+09
5.828570000000000000e+09
5.828575000000000000e+09
5.828580000000000000e+09
5.828585000000000000e+09
5.828590000000000000e+09
5.828595000000000000e+09
5.828600000000000000e+09
5.828605000000000000e+09
5.828610000000000000e+09
5.828615000000000000e+09
5.828620000000000000e+09
5.828625000000000000e+09
5.828630000000000000e+09
5.828635000000000000e+09
5.828640000000000000e+09
5.828645000000000000e+09
5.828650000000000000e+09
5.828655000000000000e+09
5.828660000000000000e+09
5.828665000000000000e+09
5.828670000000000000e+09
5.828675000000000000e+09
5.828680000000000000e+09
5.828685000000000000e+09
5.828690000000000000e+09
5.828695000000000000e+09
5.828700000000000000e+09
5.828705000000000000e+09
5.828710000000000000e+09
5.828715000000000000e+09
5.828720000000000000e+09
5.828725000000000000e+09
5.828730000000000000e+09
5.828735000000000000e+09
5.828740000000000000e+09
5.828745000000000000e+09
5.828750000000000000e+09
5.828755000000000000e+09
5.828760000000000000e+09
5.828765000000000000e+09
5.828770000000000000e+09
5.828775000000000000e+09
5.828780000000000000e+09
5.828785000000000000e+09
5.828790000000000000e+09
5.828795000000000000e+09
5.828800000000000000e+09
5.828805000000000000e+09
5.828810000000000000e+09
5.828815000000000000e+09
5.828820000000000000e+09
5.828825000000000000e+09
5.828830000000000000e+09
5.828835000000000000e+09
5.828840000000000000e+09
5.828845000000000000e+09
5.828850000000000000e+09
5.828855000000000000e+09
5.828860000000000000e+09
5.828865000000000000e+09
5.828870000000000000e+09
5.828875000000000000e+09
5.828880000000000000e+09
5.828885000000000000e+09
5.828890000000000000e+09
5.828895000000000000e+09
5.828900000000000000e+09
5.828905000000000000e+09
5.828910000000000000e+09
5.828915000000000000e+09
5.828920000000000000e+09
5.828925000000000000e+09
5.828930000000000000e+09
5.828935000000000000e+09
5.828940000000000000e+09
5.828945000000000000e+09
5.828950000000000000e+09
5.828955000000000000e+09
5.828960000000000000e+09
5.828965000000000000e+09
5.828970000000000000e+09
5.828975000000000000e+09
5.828980000000000000e+09
5.828985000000000000e+09
5.828990000000000000e+09
5.828995000000000000e+09
5.829000000000000000e+09
5.829005000000000000e+09
5.829010000000000000e+09
5.829015000000000000e+09
5.829020000000000000e+09
5.829025000000000000e+09
5.829030000000000000e+09
5.829035000000000000e+09
5.829040000000000000e+09
5.829045000000000000e+09
5.829050000000000000e+09
5.829055000000000000e+09
5.829060000000000000e+09
5.829065000000000000e+09
5.829070000000000000e+09
5.829075000000000000e+09
5.829080000000000000e+09
5.829085000000000000e+09
5.829090000000000000e+09
5.829095000000000000e+09
5.829100000000000000e+09
5.829105000000000000e+09
5.829110000000000000e+09
5.829115000000000000e+09
5.829120000000000000e+09
5.829125000000000000e+09
5.829130000000000000e+09
5.829135000000000000e+09
5.829140000000000000e+09
5.829145000000000000e+09
5.829150000000000000e+09
5.829155000000000000e+09
5.829160000000000000e+09
5.829165000000000000e+09
5.829170000000000000e+09
5.829175000000000000e+09
5.829180000000000000e+09
5.829185000000000000e+09
5.829190000000000000e+09
5.829195000000000000e+09
5.829200000000000000e+09
5.829205000000000000e+09
5.829210000000000000e+09
5.829215000000000000e+09
5.829220000000000000e+09
5.829225000000000000e+09
5.829230000000000000e+09
5.829235000000000000e+09
5.829240000000000000e+09
5.829245000000000000e+09
5.829250000000000000e+09
5.829255000000000000e+09
5.829260000000000000e+09
5.829265000000000000e+09
5.829270000000000000e+09
5.829275000000000000e+09
5.829280000000000000e+09
5.829285000000000000e+09
5.829290000000000000e+09
5.829295000000000000e+09
5.829300000000000000e+09
5.829305000000000000e+09
5.829310000000000000e+09
5.829315000000000000e+09
5.829320000000000000e+09
5.829325000000000000e+09
5.829330000000000000e+09
5.829335000000000000e+09
5.829340000000000000e+09
5.829345000000000000e+09
5.829350000000000000e+09
5.829355000000000000e+09
5.829360000000000000e+09
5.829365000000000000e+09
5.829370000000000000e+09
5.829375000000000000e+09
5.829380000000000000e+09
5.829385000000000000e+09
5.829390000000000000e+09
5.829395000000000000e+09
5.829400000000000000e+09
5.829405000000000000e+09
5.829410000000000000e+09
5.829415000000000000e+09
5.829420000000000000e+09
5.829425000000000000e+09
5.829430000000000000e+09
5.829435000000000000e+09
5.829440000000000000e+09
5.829445000000000000e+09
5.829450000000000000e+09
5.829455000000000000e+09
5.829460000000000000e+09
5.829465000000000000e+09
5.829470000000000000e+09
5.829475000000000000e+09
5.829480000000000000e+09
5.829485000000000000e+09
5.829490000000000000e+09
5.829495000000000000e+09
5.829500000000000000e+09
5.829505000000000000e+09
5.829510000000000000e+09
5.829515000000000000e+09
5.829520000000000000e+09
5.829525000000000000e+09
5.829530000000000000e+09
5.829535000000000000e+09
5.829540000000000000e+09
5.829545000000000000e+09
5.829550000000000000e+09
5.829555000000000000e+09
5.829560000000000000e+09
5.829565000000000000e+09
5.829570000000000000e+09
5.829575000000000000e+09
5.829580000000000000e+09
5.829585000000000000e+09
5.829590000000000000e+09
5.829595000000000000e+09
5.829600000000000000e+09
5.829605000000000000e+09
5.829610000000000000e+09
5.829615000000000000e+09
5.829620000000000000e+09
5.829625000000000000e+09
5.829630000000000000e+09
5.829635000000000000e+09
5.829640000000000000e+09
5.829645000000000000e+09
5.829650000000000000e+09
