5.644700000000000000e+09
5.644708000000000000e+09
5.644716000000000000e+09
5.644724000000000000e+09
5.644732000000000000e+09
5.644740000000000000e+09
5.644748000000000000e+09
5.644756000000000000e+09
5.644764000000000000e+09
5.644772000000000000e+09
5.644780000000000000e+09
5.644788000000000000e+09
5.644796000000000000e+09
5.644804000000000000e+09
5.644812000000000000e+09
5.644820000000000000e+09
5.644828000000000000e+09
5.644836000000000000e+09
5.644844000000000000e+09
5.644852000000000000e+09
5.644860000000000000e+09
5.644868000000000000e+09
5.644876000000000000e+09
5.644884000000000000e+09
5.644892000000000000e+09
5.644900000000000000e+09
5.644908000000000000e+09
5.644916000000000000e+09
5.644924000000000000e+09
5.644932000000000000e+09
5.644940000000000000e+09
5.644948000000000000e+09
5.644956000000000000e+09
5.644964000000000000e+09
5.644972000000000000e+09
5.644980000000000000e+09
5.644988000000000000e+09
5.644996000000000000e+09
5.645004000000000000e+09
5.645012000000000000e+09
5.645020000000000000e+09
5.645028000000000000e+09
5.645036000000000000e+09
5.645044000000000000e+09
5.645052000000000000e+09
5.645060000000000000e+09
5.645068000000000000e+09
5.645076000000000000e+09
5.645084000000000000e+09
5.645092000000000000e+09
5.645100000000000000e+09
5.645108000000000000e+09
5.645116000000000000e+09
5.645124000000000000e+09
5.645132000000000000e+09
5.645140000000000000e+09
5.645148000000000000e+09
5.645156000000000000e+09
5.645164000000000000e+09
5.645172000000000000e+09
5.645180000000000000e+09
5.645188000000000000e+09
5.645196000000000000e+09
5.645204000000000000e+09
5.645212000000000000e+09
5.645220000000000000e+09
5.645228000000000000e+09
5.645236000000000000e+09
5.645244000000000000e+09
5.645252000000000000e+09
5.645260000000000000e+09
5.645268000000000000e+09
5.645276000000000000e+09
5.645284000000000000e+09
5.645292000000000000e+09
5.645300000000000000e+09
5.645308000000000000e+09
5.645316000000000000e+09
5.645324000000000000e+09
5.645332000000000000e+09
5.645340000000000000e+09
5.645348000000000000e+09
5.645356000000000000e+09
5.645364000000000000e+09
5.645372000000000000e+09
5.645380000000000000e+09
5.645388000000000000e+09
5.645396000000000000e+09
5.645404000000000000e+09
5.645412000000000000e+09
5.645420000000000000e+09
5.645428000000000000e+09
5.645436000000000000e+09
5.645444000000000000e+09
5.645452000000000000e+09
5.645460000000000000e+09
5.645468000000000000e+09
5.645476000000000000e+09
5.645484000000000000e+09
5.645492000000000000e+09
5.645500000000000000e+09
5.645508000000000000e+09
5.645516000000000000e+09
5.645524000000000000e+09
5.645532000000000000e+09
5.645540000000000000e+09
5.645548000000000000e+09
5.645556000000000000e+09
5.645564000000000000e+09
5.645572000000000000e+09
5.645580000000000000e+09
5.645588000000000000e+09
5.645596000000000000e+09
5.645604000000000000e+09
5.645612000000000000e+09
5.645620000000000000e+09
5.645628000000000000e+09
5.645636000000000000e+09
5.645644000000000000e+09
5.645652000000000000e+09
5.645660000000000000e+09
5.645668000000000000e+09
5.645676000000000000e+09
5.645684000000000000e+09
5.645692000000000000e+09
5.645700000000000000e+09
5.645708000000000000e+09
5.645716000000000000e+09
5.645724000000000000e+09
5.645732000000000000e+09
5.645740000000000000e+09
5.645748000000000000e+09
5.645756000000000000e+09
5.645764000000000000e+09
5.645772000000000000e+09
5.645780000000000000e+09
5.645788000000000000e+09
5.645796000000000000e+09
5.645804000000000000e+09
5.645812000000000000e+09
5.645820000000000000e+09
5.645828000000000000e+09
5.645836000000000000e+09
5.645844000000000000e+09
5.645852000000000000e+09
5.645860000000000000e+09
5.645868000000000000e+09
5.645876000000000000e+09
5.645884000000000000e+09
5.645892000000000000e+09
5.645900000000000000e+09
5.645908000000000000e+09
5.645916000000000000e+09
5.645924000000000000e+09
5.645932000000000000e+09
5.645940000000000000e+09
5.645948000000000000e+09
5.645956000000000000e+09
5.645964000000000000e+09
5.645972000000000000e+09
5.645980000000000000e+09
5.645988000000000000e+09
5.645996000000000000e+09
5.646004000000000000e+09
5.646012000000000000e+09
5.646020000000000000e+09
5.646028000000000000e+09
5.646036000000000000e+09
5.646044000000000000e+09
5.646052000000000000e+09
5.646060000000000000e+09
5.646068000000000000e+09
5.646076000000000000e+09
5.646084000000000000e+09
5.646092000000000000e+09
5.646100000000000000e+09
5.646108000000000000e+09
5.646116000000000000e+09
5.646124000000000000e+09
5.646132000000000000e+09
5.646140000000000000e+09
5.646148000000000000e+09
5.646156000000000000e+09
5.646164000000000000e+09
5.646172000000000000e+09
5.646180000000000000e+09
5.646188000000000000e+09
5.646196000000000000e+09
5.646204000000000000e+09
5.646212000000000000e+09
5.646220000000000000e+09
5.646228000000000000e+09
5.646236000000000000e+09
5.646244000000000000e+09
5.646252000000000000e+09
5.646260000000000000e+09
5.646268000000000000e+09
5.646276000000000000e+09
5.646284000000000000e+09
5.646292000000000000e+09
5.646300000000000000e+09
5.646308000000000000e+09
5.646316000000000000e+09
5.646324000000000000e+09
5.646332000000000000e+09
5.646340000000000000e+09
5.646348000000000000e+09
5.646356000000000000e+09
5.646364000000000000e+09
5.646372000000000000e+09
5.646380000000000000e+09
5.646388000000000000e+09
5.646396000000000000e+09
5.646404000000000000e+09
5.646412000000000000e+09
5.646420000000000000e+09
5.646428000000000000e+09
5.646436000000000000e+09
5.646444000000000000e+09
5.646452000000000000e+09
5.646460000000000000e+09
5.646468000000000000e+09
5.646476000000000000e+09
5.646484000000000000e+09
5.646492000000000000e+09
5.646500000000000000e+09
5.646508000000000000e+09
5.646516000000000000e+09
5.646524000000000000e+09
5.646532000000000000e+09
5.646540000000000000e+09
5.646548000000000000e+09
5.646556000000000000e+09
5.646564000000000000e+09
5.646572000000000000e+09
5.646580000000000000e+09
5.646588000000000000e+09
5.646596000000000000e+09
5.646604000000000000e+09
5.646612000000000000e+09
5.646620000000000000e+09
5.646628000000000000e+09
5.646636000000000000e+09
5.646644000000000000e+09
5.646652000000000000e+09
5.646660000000000000e+09
5.646668000000000000e+09
5.646676000000000000e+09
5.646684000000000000e+09
5.646692000000000000e+09
5.646700000000000000e+09
